xof 0303txt 0032
template Frame {
 <3d82ab46-62da-11cf-ab39-0020af71e433>
 [...]
}

template Matrix4x4 {
 <f6f23f45-7686-11cf-8f52-0040333594a3>
 array FLOAT matrix[16];
}

template FrameTransformMatrix {
 <f6f23f41-7686-11cf-8f52-0040333594a3>
 Matrix4x4 frameMatrix;
}

template ObjectMatrixComment {
 <95a48e28-7ef4-4419-a16a-ba9dbdf0d2bc>
 Matrix4x4 objectMatrix;
}

template Vector {
 <3d82ab5e-62da-11cf-ab39-0020af71e433>
 FLOAT x;
 FLOAT y;
 FLOAT z;
}

template MeshFace {
 <3d82ab5f-62da-11cf-ab39-0020af71e433>
 DWORD nFaceVertexIndices;
 array DWORD faceVertexIndices[nFaceVertexIndices];
}

template Mesh {
 <3d82ab44-62da-11cf-ab39-0020af71e433>
 DWORD nVertices;
 array Vector vertices[nVertices];
 DWORD nFaces;
 array MeshFace faces[nFaces];
 [...]
}

template MeshNormals {
 <f6f23f43-7686-11cf-8f52-0040333594a3>
 DWORD nNormals;
 array Vector normals[nNormals];
 DWORD nFaceNormals;
 array MeshFace faceNormals[nFaceNormals];
}

template Coords2d {
 <f6f23f44-7686-11cf-8f52-0040333594a3>
 FLOAT u;
 FLOAT v;
}

template MeshTextureCoords {
 <f6f23f40-7686-11cf-8f52-0040333594a3>
 DWORD nTextureCoords;
 array Coords2d textureCoords[nTextureCoords];
}

template XSkinMeshHeader {
 <3cf169ce-ff7c-44ab-93c0-f78f62d172e2>
 WORD nMaxSkinWeightsPerVertex;
 WORD nMaxSkinWeightsPerFace;
 WORD nBones;
}

template SkinWeights {
 <6f0d123b-bad2-4167-a0d0-80224f25fabb>
 STRING transformNodeName;
 DWORD nWeights;
 array DWORD vertexIndices[nWeights];
 array FLOAT weights[nWeights];
 Matrix4x4 matrixOffset;
}

template AnimTicksPerSecond {
 <9e415a43-7ba6-4a73-8743-b73d47e88476>
 DWORD AnimTicksPerSecond;
}

template Animation {
 <3d82ab4f-62da-11cf-ab39-0020af71e433>
 [...]
}

template AnimationSet {
 <3d82ab50-62da-11cf-ab39-0020af71e433>
 [Animation <3d82ab4f-62da-11cf-ab39-0020af71e433>]
}

template FloatKeys {
 <10dd46a9-775b-11cf-8f52-0040333594a3>
 DWORD nValues;
 array FLOAT values[nValues];
}

template TimedFloatKeys {
 <f406b180-7b3b-11cf-8f52-0040333594a3>
 DWORD time;
 FloatKeys tfkeys;
}

template AnimationKey {
 <10dd46a8-775b-11cf-8f52-0040333594a3>
 DWORD keyType;
 DWORD nKeys;
 array TimedFloatKeys keys[nKeys];
}


Frame L_handconstrain {
 

 FrameTransformMatrix relative {
  -0.308787,0.000000,-0.244236,0.000000,0.234817,0.108279,-0.296878,0.000000,0.067172,-0.378518,-0.084925,0.000000,0.802609,-0.017581,0.775277,1.000000;;
 }

 ObjectMatrixComment object {
  1.000000,0.000000,0.000000,0.000000,0.000000,1.000000,0.000000,0.000000,0.000000,0.000000,1.000000,0.000000,-0.000000,0.000000,0.000000,1.000000;;
 }
}

Frame R_handconstrain {
 

 FrameTransformMatrix relative {
  0.384644,0.008353,-0.083542,0.000000,-0.078654,0.172898,-0.344848,0.000000,0.029372,0.353606,0.170589,0.000000,-0.698567,0.000000,0.713430,1.000000;;
 }

 ObjectMatrixComment object {
  1.000000,-0.000000,0.000000,0.000000,-0.000000,1.000000,0.000000,0.000000,0.000000,0.000000,1.000000,0.000000,0.000000,0.000000,0.000000,1.000000;;
 }
}

Frame footbase {
 

 FrameTransformMatrix relative {
  0.393701,0.000000,0.000000,0.000000,0.000000,-0.000000,0.393701,0.000000,0.000000,-0.393701,-0.000000,0.000000,0.000000,0.000000,0.000000,1.000000;;
 }

 ObjectMatrixComment object {
  1.000000,0.000000,0.000000,0.000000,0.000000,1.000000,0.000000,0.000000,0.000000,0.000000,1.000000,0.000000,0.000000,0.000000,0.000000,1.000000;;
 }

 Frame L_leg_Pole {
  

  FrameTransformMatrix relative {
   -0.994842,-0.002111,0.101419,0.000000,-0.097259,0.303929,-0.947717,0.000000,-0.028824,-0.952693,-0.302567,0.000000,1.280002,1.509515,-1.867093,1.000000;;
  }

  ObjectMatrixComment object {
   1.000000,-0.000000,-0.000000,0.000000,-0.000000,1.000000,0.000000,0.000000,-0.000000,0.000000,1.000000,0.000000,0.000000,0.000000,0.000000,1.000000;;
  }
 }

 Frame R_leg_Pole {
  

  FrameTransformMatrix relative {
   -0.994842,0.057266,-0.083731,0.000000,0.097259,0.303930,-0.947717,0.000000,-0.028824,-0.950972,-0.307931,0.000000,-1.280002,1.509515,-1.867093,1.000000;;
  }

  ObjectMatrixComment object {
   1.000000,0.000000,-0.000000,0.000000,-0.000000,1.000000,0.000000,0.000000,-0.000000,-0.000000,1.000000,0.000000,0.000000,0.000000,-0.000000,1.000000;;
  }
 }

 Frame R_FOOT {
  

  FrameTransformMatrix relative {
   1.000000,0.000000,0.000000,0.000000,0.000000,1.000000,0.000000,0.000000,0.000000,0.000000,1.000000,0.000000,-0.951816,-0.533586,-0.597108,1.000000;;
  }

  ObjectMatrixComment object {
   1.000000,0.000000,0.000000,0.000000,0.000000,1.000000,0.000000,0.000000,0.000000,0.000000,1.000000,0.000000,-0.000000,0.000000,0.000000,1.000000;;
  }

  Frame R_ankle_Goal {
   

   FrameTransformMatrix relative {
    -0.968478,-0.242886,0.055284,0.000000,0.137619,-0.706703,-0.693997,0.000000,0.207631,-0.664513,0.717852,0.000000,0.000456,0.008521,0.016357,1.000000;;
   }

   ObjectMatrixComment object {
    1.000000,0.000000,0.000000,0.000000,0.000000,1.000000,0.000000,0.000000,0.000000,0.000000,1.000000,0.000000,0.000000,0.000000,-0.000000,1.000000;;
   }
  }
 }

 Frame L_FOOT {
  

  FrameTransformMatrix relative {
   1.000000,0.000000,0.000000,0.000000,0.000000,1.000000,0.000000,0.000000,0.000000,0.000000,1.000000,0.000000,0.994245,-0.256354,-0.591225,1.000000;;
  }

  ObjectMatrixComment object {
   1.000000,0.000000,0.000000,0.000000,0.000000,1.000000,0.000000,0.000000,0.000000,0.000000,1.000000,0.000000,-0.000000,0.000000,0.000000,1.000000;;
  }

  Frame L_ankle_Goal {
   

   FrameTransformMatrix relative {
    -0.968478,-0.050869,0.243848,0.000000,-0.137619,-0.706703,-0.693997,0.000000,0.207631,-0.705680,0.677426,0.000000,-0.000456,0.020021,0.010474,1.000000;;
   }

   ObjectMatrixComment object {
    1.000000,0.000000,0.000000,0.000000,0.000000,1.000000,0.000000,0.000000,0.000000,-0.000000,1.000000,0.000000,0.000000,-0.000000,-0.000000,1.000000;;
   }
  }
 }
}

Frame hipcontrol {
 

 FrameTransformMatrix relative {
  0.393701,0.000000,0.000000,0.000000,0.000000,-0.387675,0.068620,0.000000,0.000000,-0.068620,-0.387675,0.000000,-0.047534,1.371494,0.048293,1.000000;;
 }

 ObjectMatrixComment object {
  1.000000,0.000000,0.000000,0.000000,0.000000,1.000000,-0.000000,0.000000,0.000000,0.000000,1.000000,0.000000,0.000000,0.000000,0.000000,1.000000;;
 }

 Frame headcontrol {
  

  FrameTransformMatrix relative {
   0.933591,0.119833,-0.337709,0.000000,0.280993,0.340026,0.897455,0.000000,0.222375,-0.932750,0.283773,0.000000,-0.000000,-2.865035,-1.160317,1.000000;;
  }

  ObjectMatrixComment object {
   1.000000,0.000000,0.000000,0.000000,0.000000,1.000000,-0.000000,0.000000,0.000000,-0.000000,1.000000,0.000000,-0.000000,0.000000,0.000000,1.000000;;
  }
 }

 Frame spinecontrol {
  

  FrameTransformMatrix relative {
   1.000000,-0.000000,-0.000000,0.000000,0.000000,0.998573,0.053393,0.000000,-0.000000,-0.053393,0.998573,0.000000,0.032928,-0.741645,-0.031474,1.000000;;
  }

  ObjectMatrixComment object {
   1.000000,0.000000,0.000000,0.000000,0.000000,1.000000,-0.000000,0.000000,0.000000,0.000000,1.000000,0.000000,0.000000,0.000000,0.000000,1.000000;;
  }

  Frame chestcontrol {
   

   FrameTransformMatrix relative {
    0.995227,0.025968,-0.094064,0.000000,0.000000,0.963942,0.266114,0.000000,0.097583,-0.264844,0.959341,0.000000,0.000000,-0.979050,0.022876,1.000000;;
   }

   ObjectMatrixComment object {
    1.000000,-0.000000,0.000000,0.000000,0.000000,1.000000,-0.000000,0.000000,0.000000,0.000000,1.000000,0.000000,0.000000,0.000000,-0.000000,1.000000;;
   }

   Frame L_arm_Goal {
    

    FrameTransformMatrix relative {
     -0.299651,-0.191641,-0.934603,0.000000,-0.953765,0.036272,0.298357,0.000000,-0.023277,0.980794,-0.193650,0.000000,1.170375,-0.527427,0.042762,1.000000;;
    }

    ObjectMatrixComment object {
     1.000000,0.000000,0.000000,0.000000,-0.000000,1.000000,0.000000,0.000000,0.000000,-0.000000,1.000000,0.000000,-0.000000,-0.000000,0.000000,1.000000;;
    }

    Frame L_arm_Pole {
     

     FrameTransformMatrix relative {
      0.866809,0.498641,0.000000,0.000000,-0.498558,0.866664,-0.018242,0.000000,-0.009096,0.015813,0.999834,0.000000,-2.367950,-0.659346,-0.025296,1.000000;;
     }

     ObjectMatrixComment object {
      1.000000,-0.000000,0.000000,0.000000,0.000000,1.000000,0.000000,0.000000,-0.000000,-0.000000,1.000000,0.000000,0.000000,0.000000,0.000000,1.000000;;
     }
    }

    Frame L_wrist_Goal {
     

     FrameTransformMatrix relative {
      0.874231,0.290653,-0.388897,0.000000,-0.084607,-0.697547,-0.711526,0.000000,-0.478082,0.654941,-0.585226,0.000000,0.364683,-0.968251,3.112351,1.000000;;
     }

     ObjectMatrixComment object {
      1.000000,-0.000000,-0.000000,0.000000,-0.000000,1.000000,-0.000000,0.000000,0.000000,0.000000,1.000000,0.000000,0.000000,0.000000,-0.000000,1.000000;;
     }
    }
   }

   Frame R_arm_Goal {
    

    FrameTransformMatrix relative {
     0.295050,-0.161268,-0.941774,0.000000,0.954107,-0.003125,0.299449,0.000000,-0.051234,-0.986905,0.152945,0.000000,-1.170260,-0.530654,0.043242,1.000000;;
    }

    ObjectMatrixComment object {
     1.000000,0.000000,0.000000,0.000000,-0.000000,1.000000,0.000000,0.000000,0.000000,0.000000,1.000000,0.000000,-0.000000,-0.000000,0.000000,1.000000;;
    }

    Frame R_wrist_Goal {
     

     FrameTransformMatrix relative {
      0.864092,0.189186,0.466427,0.000000,-0.298998,-0.552523,0.778023,0.000000,0.404903,-0.811743,-0.420865,0.000000,0.385650,-1.005957,-3.093379,1.000000;;
     }

     ObjectMatrixComment object {
      1.000000,-0.000000,-0.000000,0.000000,-0.000000,1.000000,-0.000000,0.000000,0.000000,0.000000,1.000000,0.000000,0.000000,0.000000,-0.000000,1.000000;;
     }
    }

    Frame R_arm_Pole {
     

     FrameTransformMatrix relative {
      0.866666,0.498889,0.000000,0.000000,-0.498888,0.866664,0.002030,0.000000,0.001013,-0.001759,0.999998,0.000000,-2.367522,-0.659347,-0.051677,1.000000;;
     }

     ObjectMatrixComment object {
      1.000000,0.000000,-0.000000,0.000000,0.000000,1.000000,-0.000000,0.000000,-0.000000,0.000000,1.000000,0.000000,-0.000000,-0.000000,0.000000,1.000000;;
     }
    }
   }

   Frame neckcontrol {
    

    FrameTransformMatrix relative {
     1.000000,-0.000000,0.000000,0.000000,0.000000,0.863965,0.503551,0.000000,-0.000000,-0.503551,0.863965,0.000000,-0.002779,-1.226818,-0.420161,1.000000;;
    }

    ObjectMatrixComment object {
     1.000000,0.000000,0.000000,0.000000,0.000000,1.000000,0.000000,0.000000,0.000000,0.000000,1.000000,0.000000,-0.000000,0.000000,0.000000,1.000000;;
    }
   }
  }
 }
}

Frame hips {
 

 FrameTransformMatrix relative {
  0.393327,-0.016939,0.002635,0.000000,-0.017139,-0.389854,0.052156,0.000000,0.000365,-0.052221,-0.390222,0.000000,-0.047534,1.371494,0.048293,1.000000;;
 }

 ObjectMatrixComment object {
  1.000000,0.000000,0.000000,0.000000,-0.000000,1.000000,0.000000,0.000000,0.000000,0.000000,1.000000,0.000000,0.000000,-0.000000,0.000000,1.000000;;
 }

 Frame L_leg {
  

  FrameTransformMatrix relative {
   -0.941594,0.335293,-0.031305,0.000000,-0.330759,-0.938293,-0.101018,0.000000,-0.063244,-0.084764,0.994392,0.000000,0.501847,0.029644,-0.092540,1.000000;;
  }

  ObjectMatrixComment object {
   1.000000,0.000000,0.000000,0.000000,-0.000000,1.000000,-0.000000,0.000000,0.000000,0.000000,1.000000,0.000000,0.000000,0.000000,0.000000,1.000000;;
  }

  Frame L_knee {
   

   FrameTransformMatrix relative {
    0.991061,0.133365,-0.003302,0.000000,-0.123176,0.905276,-0.406575,0.000000,-0.051233,0.403347,0.913612,0.000000,0.002277,-1.539137,-0.091454,1.000000;;
   }

   ObjectMatrixComment object {
    1.000000,-0.000000,0.000000,0.000000,-0.000000,1.000000,0.000000,0.000000,-0.000000,0.000000,1.000000,0.000000,0.000000,0.000000,-0.000000,1.000000;;
   }

   Frame L_ankle {
    

    FrameTransformMatrix relative {
     0.988992,-0.126337,0.077031,0.000000,-0.021661,0.391368,0.919980,0.000000,-0.146375,-0.911521,0.384323,0.000000,0.015819,-1.523752,0.024337,1.000000;;
    }

    ObjectMatrixComment object {
     1.000000,-0.000000,0.000000,0.000000,-0.000000,1.000000,-0.000000,0.000000,0.000000,0.000000,1.000000,0.000000,0.000000,-0.000000,-0.000000,1.000000;;
    }

    Frame L_foot {
     

     FrameTransformMatrix relative {
      0.977441,0.005781,-0.211130,0.000000,0.118277,0.813201,0.569838,0.000000,0.174985,-0.581955,0.794172,0.000000,0.000000,-0.582108,-0.000000,1.000000;;
     }

     ObjectMatrixComment object {
      1.000000,-0.000000,-0.000000,0.000000,0.000000,1.000000,-0.000000,0.000000,0.000000,0.000000,1.000000,0.000000,0.000000,0.000000,0.000000,1.000000;;
     }

     Frame L_toes {
      

      FrameTransformMatrix relative {
       0.999244,0.038864,-0.000000,0.000000,-0.038861,0.999162,-0.012854,0.000000,-0.000500,0.012844,0.999917,0.000000,0.019614,-0.504296,0.006487,1.000000;;
      }

      ObjectMatrixComment object {
       1.000000,0.000000,0.000000,0.000000,0.000000,1.000000,-0.000000,0.000000,-0.000000,0.000000,1.000000,0.000000,0.000000,0.000000,0.000000,1.000000;;
      }
     }
    }
   }
  }
 }

 Frame R_leg {
  

  FrameTransformMatrix relative {
   -0.993011,-0.114048,-0.030380,0.000000,0.118018,-0.956774,-0.265812,0.000000,0.001249,-0.267539,0.963547,0.000000,-0.501847,0.029644,-0.092540,1.000000;;
  }

  ObjectMatrixComment object {
   1.000000,0.000000,-0.000000,0.000000,0.000000,1.000000,0.000000,0.000000,0.000000,0.000000,1.000000,0.000000,-0.000000,0.000000,0.000000,1.000000;;
  }

  Frame R_knee {
   

   FrameTransformMatrix relative {
    0.992536,-0.104930,-0.062151,0.000000,0.085315,0.961570,-0.260970,0.000000,0.087146,0.253720,0.963344,0.000000,-0.001818,-1.539137,-0.091464,1.000000;;
   }

   ObjectMatrixComment object {
    1.000000,0.000000,0.000000,0.000000,0.000000,1.000000,-0.000000,0.000000,0.000000,0.000000,1.000000,0.000000,0.000000,0.000000,-0.000000,1.000000;;
   }

   Frame R_ankle {
    

    FrameTransformMatrix relative {
     0.949818,-0.209132,0.232615,0.000000,-0.143529,0.369361,0.918135,0.000000,-0.277930,-0.905448,0.320809,0.000000,-0.017202,-1.523752,0.023380,1.000000;;
    }

    ObjectMatrixComment object {
     1.000000,0.000000,-0.000000,0.000000,-0.000000,1.000000,0.000000,0.000000,-0.000000,0.000000,1.000000,0.000000,0.000000,0.000000,-0.000000,1.000000;;
    }

    Frame R_foot {
     

     FrameTransformMatrix relative {
      0.990976,-0.130446,-0.030835,0.000000,0.124606,0.811736,0.570577,0.000000,-0.049399,-0.569270,0.820665,0.000000,0.000000,-0.582108,0.000000,1.000000;;
     }

     ObjectMatrixComment object {
      1.000000,0.000000,-0.000000,0.000000,0.000000,1.000000,0.000000,0.000000,0.000000,-0.000000,1.000000,0.000000,-0.000000,-0.000000,-0.000000,1.000000;;
     }

     Frame R_toes {
      

      FrameTransformMatrix relative {
       0.999421,-0.033918,-0.002699,0.000000,0.033847,0.999162,-0.023018,0.000000,0.003478,0.022913,0.999732,0.000000,-0.017083,-0.504296,0.011617,1.000000;;
      }

      ObjectMatrixComment object {
       1.000000,0.000000,-0.000000,0.000000,0.000000,1.000000,0.000000,0.000000,-0.000000,0.000000,1.000000,0.000000,0.000000,-0.000000,-0.000000,1.000000;;
      }
     }
    }
   }
  }
 }

 Frame spine {
  

  FrameTransformMatrix relative {
   0.998987,-0.043960,-0.009648,0.000000,0.043990,0.999028,0.002841,0.000000,0.009514,-0.003262,0.999950,0.000000,-0.000000,-0.747215,0.000000,1.000000;;
  }

  ObjectMatrixComment object {
   1.000000,-0.000000,0.000000,0.000000,0.000000,1.000000,-0.000000,0.000000,0.000000,0.000000,1.000000,0.000000,0.000000,-0.000000,0.000000,1.000000;;
  }

  Frame chest {
   

   FrameTransformMatrix relative {
    0.996327,0.023526,-0.082336,0.000000,0.027038,0.825909,0.563155,0.000000,0.081251,-0.563312,0.822239,0.000000,-0.000000,-0.979318,-0.000000,1.000000;;
   }

   ObjectMatrixComment object {
    1.000000,0.000000,0.000000,0.000000,0.000000,1.000000,0.000000,0.000000,0.000000,-0.000000,1.000000,0.000000,0.000000,-0.000000,0.000000,1.000000;;
   }

   Frame L_shoulder {
    

    FrameTransformMatrix relative {
     0.221689,-0.201232,-0.954127,0.000000,-0.864815,-0.492624,-0.097040,0.000000,-0.450498,0.846657,-0.283238,0.000000,0.601249,-0.797127,0.149624,1.000000;;
    }

    ObjectMatrixComment object {
     1.000000,0.000000,0.000000,0.000000,0.000000,1.000000,-0.000000,0.000000,-0.000000,0.000000,1.000000,0.000000,0.000000,-0.000000,-0.000001,1.000000;;
    }

    Frame L_arm {
     

     FrameTransformMatrix relative {
      0.782042,0.570395,0.251117,0.000000,-0.300160,0.697841,-0.650324,0.000000,-0.546181,0.433206,0.716951,0.000000,0.000000,-0.663570,-0.000001,1.000000;;
     }

     ObjectMatrixComment object {
      1.000000,0.000000,0.000000,0.000000,-0.000000,1.000000,-0.000000,0.000000,0.000000,0.000000,1.000000,0.000000,-0.000000,0.000000,0.000000,1.000000;;
     }

     Frame L_elbow {
      

      FrameTransformMatrix relative {
       0.881641,0.471919,0.000543,0.000000,-0.471841,0.881515,-0.017265,0.000000,-0.008626,0.014965,0.999851,0.000000,-0.000000,-1.299384,0.000000,1.000000;;
      }

      ObjectMatrixComment object {
       1.000000,0.000000,0.000000,0.000000,0.000000,1.000000,-0.000000,0.000000,0.000000,-0.000000,1.000000,0.000000,0.000000,0.000000,0.000000,1.000000;;
      }

      Frame L_wrist {
       

       FrameTransformMatrix relative {
        0.983049,0.176355,-0.050145,0.000000,-0.136146,0.518960,-0.843887,0.000000,-0.122800,0.836409,0.534173,0.000000,0.000000,-2.074574,0.000000,1.000000;;
       }

       ObjectMatrixComment object {
        1.000000,0.000000,-0.000000,0.000000,-0.000000,1.000000,-0.000000,0.000000,0.000000,-0.000000,1.000000,0.000000,-0.000000,0.000000,-0.000000,1.000000;;
       }

       Frame L_thumb1 {
        

        FrameTransformMatrix relative {
         0.949734,0.313059,-0.000000,0.000000,-0.307369,0.932474,0.189780,0.000000,0.059412,-0.180241,0.981826,0.000000,0.000000,-0.267458,-0.000000,1.000000;;
        }

        ObjectMatrixComment object {
         1.000000,-0.000000,0.000000,0.000000,-0.000000,1.000000,0.000000,0.000000,-0.000000,-0.000000,1.000000,0.000000,0.000000,-0.000000,-0.000000,1.000000;;
        }

        Frame L_thumb2 {
         

         FrameTransformMatrix relative {
          0.924826,-0.380391,0.000000,0.000000,0.379832,0.923466,0.054205,0.000000,-0.020619,-0.050130,0.998530,0.000000,0.000000,-0.380546,0.000000,1.000000;;
         }

         ObjectMatrixComment object {
          1.000000,0.000000,-0.000000,0.000000,0.000000,1.000000,-0.000000,0.000000,0.000000,0.000000,1.000000,0.000000,0.000000,0.000000,-0.000000,1.000000;;
         }

         Frame L_thumb3 {
          

          FrameTransformMatrix relative {
           0.963419,0.215544,0.159262,0.000000,-0.252587,0.928910,0.270788,0.000000,-0.089573,-0.301110,0.949373,0.000000,0.000000,-0.261683,-0.000000,1.000000;;
          }

          ObjectMatrixComment object {
           1.000000,0.000000,0.000000,0.000000,-0.000000,1.000000,-0.000000,0.000000,-0.000000,0.000000,1.000000,0.000000,0.000000,-0.000000,-0.000000,1.000000;;
          }

          Frame Joint_3 {
           

           FrameTransformMatrix relative {
            1.000000,0.000000,0.000000,0.000000,-0.000000,1.000000,-0.000000,0.000000,-0.000000,0.000000,1.000000,0.000000,-0.000000,-0.192263,0.000000,1.000000;;
           }

           ObjectMatrixComment object {
            1.000000,0.000000,0.000000,0.000000,-0.000000,1.000000,-0.000000,0.000000,0.000000,0.000000,1.000000,0.000000,0.000000,0.000000,-0.000000,1.000000;;
           }
          }
         }
        }
       }

       Frame L_pink1 {
        

        FrameTransformMatrix relative {
         0.758340,-0.628136,0.174256,0.000000,0.636039,0.771544,0.013199,0.000000,-0.142737,0.100825,0.984612,0.000000,-0.605813,-0.413910,-0.211221,1.000000;;
        }

        ObjectMatrixComment object {
         1.000000,-0.000000,-0.000000,0.000000,-0.000000,1.000000,0.000000,0.000000,0.000000,-0.000000,1.000000,0.000000,0.000000,0.000000,-0.000000,1.000000;;
        }

        Frame L_pink2 {
         

         FrameTransformMatrix relative {
          0.749889,0.659742,-0.049049,0.000000,-0.550946,0.581741,-0.598361,0.000000,-0.366230,0.475728,0.799724,0.000000,0.000000,-0.189277,-0.000000,1.000000;;
         }

         ObjectMatrixComment object {
          1.000000,-0.000000,0.000000,0.000000,-0.000000,1.000000,0.000000,0.000000,0.000000,0.000000,1.000000,0.000000,-0.000000,0.000000,0.000000,1.000000;;
         }

         Frame L_pink3 {
          

          FrameTransformMatrix relative {
           0.995435,0.095442,0.000000,0.000000,-0.095442,0.995435,0.000319,0.000000,0.000030,-0.000318,1.000000,0.000000,-0.000000,-0.143968,0.000000,1.000000;;
          }

          ObjectMatrixComment object {
           1.000000,0.000000,-0.000000,0.000000,0.000000,1.000000,0.000000,0.000000,0.000000,-0.000000,1.000000,0.000000,0.000000,0.000000,-0.000000,1.000000;;
          }

          Frame Joint_3_2 {
           

           FrameTransformMatrix relative {
            1.000000,0.000000,-0.000000,0.000000,0.000000,1.000000,-0.000000,0.000000,0.000000,-0.000000,1.000000,0.000000,0.000000,-0.134663,-0.000000,1.000000;;
           }

           ObjectMatrixComment object {
            1.000000,0.000000,0.000000,0.000000,0.000000,1.000000,-0.000000,0.000000,0.000000,-0.000000,1.000000,0.000000,0.000000,0.000000,0.000000,1.000000;;
           }
          }
         }
        }
       }

       Frame L_ring1 {
        

        FrameTransformMatrix relative {
         0.841841,-0.536865,-0.055505,0.000000,0.539685,0.836040,0.098877,0.000000,-0.006679,-0.113194,0.993550,0.000000,-0.480441,-0.491531,-0.305815,1.000000;;
        }

        ObjectMatrixComment object {
         1.000000,0.000000,0.000000,0.000000,0.000000,1.000000,0.000000,0.000000,-0.000000,0.000000,1.000000,0.000000,0.000000,0.000000,-0.000000,1.000000;;
        }

        Frame L_ring2 {
         

         FrameTransformMatrix relative {
          0.977948,0.206415,-0.031797,0.000000,-0.189655,0.813957,-0.549094,0.000000,-0.087460,0.543016,0.835156,0.000000,0.000000,-0.278432,0.000000,1.000000;;
         }

         ObjectMatrixComment object {
          1.000000,-0.000000,0.000000,0.000000,0.000000,1.000000,0.000000,0.000000,-0.000000,-0.000000,1.000000,0.000000,0.000000,-0.000000,0.000000,1.000000;;
         }

         Frame L_ring3 {
          

          FrameTransformMatrix relative {
           0.998136,0.061019,0.000000,0.000000,-0.060467,0.989105,-0.134219,0.000000,-0.008190,0.133969,0.990951,0.000000,0.000000,-0.215228,-0.000000,1.000000;;
          }

          ObjectMatrixComment object {
           1.000000,0.000000,0.000000,0.000000,0.000000,1.000000,0.000000,0.000000,-0.000000,0.000000,1.000000,0.000000,0.000000,0.000000,0.000000,1.000000;;
          }

          Frame Joint_3_3 {
           

           FrameTransformMatrix relative {
            1.000000,0.000000,0.000000,0.000000,0.000000,1.000000,0.000000,0.000000,-0.000000,-0.000000,1.000000,0.000000,0.000000,-0.140553,0.000000,1.000000;;
           }

           ObjectMatrixComment object {
            1.000000,-0.000000,0.000000,0.000000,0.000000,1.000000,0.000000,0.000000,0.000000,0.000000,1.000000,0.000000,0.000000,0.000000,0.000000,1.000000;;
           }
          }
         }
        }
       }

       Frame L_middle1 {
        

        FrameTransformMatrix relative {
         0.876769,-0.480007,0.029494,0.000000,0.479765,0.877264,0.015262,0.000000,-0.033200,0.000769,0.999448,0.000000,-0.300650,-0.568748,-0.428050,1.000000;;
        }

        ObjectMatrixComment object {
         1.000000,0.000000,0.000000,0.000000,0.000000,1.000000,-0.000000,0.000000,-0.000000,0.000000,1.000000,0.000000,0.000000,0.000000,-0.000000,1.000000;;
        }

        Frame L_middle2 {
         

         FrameTransformMatrix relative {
          0.978126,0.205037,-0.035074,0.000000,-0.193862,0.837394,-0.511066,0.000000,-0.075417,0.506686,0.858826,0.000000,0.000000,-0.295074,0.000000,1.000000;;
         }

         ObjectMatrixComment object {
          1.000000,0.000000,0.000000,0.000000,0.000000,1.000000,0.000000,0.000000,0.000000,-0.000000,1.000000,0.000000,-0.000000,-0.000000,0.000000,1.000000;;
         }

         Frame L_middle3 {
          

          FrameTransformMatrix relative {
           0.998637,0.052196,0.000000,0.000000,-0.052126,0.997288,-0.051957,0.000000,-0.002712,0.051886,0.998650,0.000000,0.000000,-0.215089,0.000000,1.000000;;
          }

          ObjectMatrixComment object {
           1.000000,0.000000,0.000000,0.000000,-0.000000,1.000000,0.000000,0.000000,0.000000,0.000000,1.000000,0.000000,0.000000,0.000000,0.000000,1.000000;;
          }

          Frame Joint_3_4 {
           

           FrameTransformMatrix relative {
            1.000000,0.000000,0.000000,0.000000,-0.000000,1.000000,0.000000,0.000000,0.000000,0.000000,1.000000,0.000000,-0.000000,-0.167323,0.000000,1.000000;;
           }

           ObjectMatrixComment object {
            1.000000,0.000000,0.000000,0.000000,-0.000000,1.000000,0.000000,0.000000,-0.000000,0.000000,1.000000,0.000000,-0.000000,0.000000,0.000000,1.000000;;
           }
          }
         }
        }
       }

       Frame L_point1 {
        

        FrameTransformMatrix relative {
         0.887899,-0.456004,0.060791,0.000000,0.452671,0.889573,0.061230,0.000000,-0.081999,-0.026848,0.996271,0.000000,-0.099474,-0.700059,-0.427977,1.000000;;
        }

        ObjectMatrixComment object {
         1.000000,0.000000,0.000000,0.000000,0.000000,1.000000,0.000000,0.000000,0.000000,0.000000,1.000000,0.000000,0.000000,0.000000,0.000000,1.000000;;
        }

        Frame L_point2 {
         

         FrameTransformMatrix relative {
          0.993476,0.114041,0.000000,0.000000,-0.111789,0.973864,-0.197718,0.000000,-0.022548,0.196428,0.980259,0.000000,0.000000,-0.229119,0.000000,1.000000;;
         }

         ObjectMatrixComment object {
          1.000000,-0.000000,0.000000,0.000000,-0.000000,1.000000,-0.000000,0.000000,0.000000,0.000000,1.000000,0.000000,-0.000000,0.000000,-0.000000,1.000000;;
         }

         Frame L_point3 {
          

          FrameTransformMatrix relative {
           0.999405,-0.034478,0.000000,0.000000,0.034159,0.990154,-0.135755,0.000000,0.004681,0.135674,0.990742,0.000000,-0.000000,-0.188022,-0.000000,1.000000;;
          }

          ObjectMatrixComment object {
           1.000000,0.000000,-0.000000,0.000000,-0.000000,1.000000,-0.000000,0.000000,0.000000,-0.000000,1.000000,0.000000,-0.000000,0.000000,0.000000,1.000000;;
          }

          Frame Joint_3_5 {
           

           FrameTransformMatrix relative {
            1.000000,0.000000,-0.000000,0.000000,-0.000000,1.000000,-0.000000,0.000000,0.000000,-0.000000,1.000000,0.000000,0.000000,-0.175667,0.000000,1.000000;;
           }

           ObjectMatrixComment object {
            1.000000,0.000000,-0.000000,0.000000,-0.000000,1.000000,-0.000000,0.000000,0.000000,-0.000000,1.000000,0.000000,-0.000000,0.000000,0.000000,1.000000;;
           }
          }
         }
        }
       }
      }
     }
    }
   }

   Frame R_shoulder {
    

    FrameTransformMatrix relative {
     -0.217497,-0.170727,-0.961013,0.000000,0.868198,-0.483747,-0.110551,0.000000,-0.446013,-0.858394,0.253439,0.000000,-0.601249,-0.797127,0.149624,1.000000;;
    }

    ObjectMatrixComment object {
     1.000000,0.000000,0.000000,0.000000,0.000000,1.000000,-0.000000,0.000000,-0.000000,0.000000,1.000000,0.000000,-0.000000,0.000000,0.000000,1.000000;;
    }

    Frame R_arm {
     

     FrameTransformMatrix relative {
      0.777370,0.571981,-0.261789,0.000000,-0.286265,0.692253,0.662449,0.000000,0.560132,-0.440027,0.701875,0.000000,-0.000000,-0.663570,0.000001,1.000000;;
     }

     ObjectMatrixComment object {
      1.000000,0.000000,0.000000,0.000000,0.000000,1.000000,0.000000,0.000000,0.000000,-0.000000,1.000000,0.000000,0.000000,-0.000001,0.000000,1.000000;;
     }

     Frame R_elbow {
      

      FrameTransformMatrix relative {
       0.872934,0.487839,-0.000026,0.000000,-0.487838,0.872932,0.001985,0.000000,0.000991,-0.001720,0.999998,0.000000,0.000000,-1.299384,-0.000000,1.000000;;
      }

      ObjectMatrixComment object {
       1.000000,-0.000000,0.000000,0.000000,0.000000,1.000000,0.000000,0.000000,0.000000,-0.000000,1.000000,0.000000,0.000000,0.000000,-0.000000,1.000000;;
      }

      Frame R_wrist {
       

       FrameTransformMatrix relative {
        0.958704,0.213427,0.187975,0.000000,-0.283674,0.670247,0.685783,0.000000,0.020375,-0.710787,0.703112,0.000000,0.000000,-2.074574,0.000000,1.000000;;
       }

       ObjectMatrixComment object {
        1.000000,-0.000000,0.000000,0.000000,0.000000,1.000000,0.000000,0.000000,0.000000,0.000000,1.000000,0.000000,-0.000000,0.000000,0.000000,1.000000;;
       }

       Frame R_thumb1 {
        

        FrameTransformMatrix relative {
         0.952995,0.302986,0.000000,0.000000,-0.296462,0.932474,-0.206404,0.000000,-0.062538,0.196702,0.978467,0.000000,0.000000,-0.267458,0.000000,1.000000;;
        }

        ObjectMatrixComment object {
         1.000000,0.000000,0.000000,0.000000,0.000000,1.000000,0.000000,0.000000,0.000000,-0.000000,1.000000,0.000000,0.000000,0.000000,0.000000,1.000000;;
        }

        Frame R_thumb2 {
         

         FrameTransformMatrix relative {
          0.923995,-0.382404,-0.000000,0.000000,0.382185,0.923466,-0.033843,0.000000,0.012942,0.031271,0.999427,0.000000,-0.000000,-0.380546,0.000001,1.000000;;
         }

         ObjectMatrixComment object {
          1.000000,0.000000,0.000000,0.000000,0.000000,1.000000,-0.000000,0.000000,0.000000,0.000000,1.000000,0.000000,0.000000,0.000000,0.000000,1.000000;;
         }

         Frame R_thumb3 {
          

          FrameTransformMatrix relative {
           0.963687,0.261214,-0.055461,0.000000,-0.265060,0.910472,-0.317466,0.000000,-0.032431,0.320638,0.946646,0.000000,0.000000,-0.261684,0.000000,1.000000;;
          }

          ObjectMatrixComment object {
           1.000000,-0.000000,0.000000,0.000000,-0.000000,1.000000,-0.000000,0.000000,-0.000000,0.000000,1.000000,0.000000,-0.000000,-0.000000,0.000000,1.000000;;
          }

          Frame Joint_3_2_2 {
           

           FrameTransformMatrix relative {
            1.000000,-0.000000,0.000000,0.000000,-0.000000,1.000000,-0.000000,0.000000,-0.000000,0.000000,1.000000,0.000000,-0.000000,-0.192263,-0.000000,1.000000;;
           }

           ObjectMatrixComment object {
            1.000000,-0.000000,-0.000000,0.000000,0.000000,1.000000,0.000000,0.000000,0.000000,0.000000,1.000000,0.000000,0.000000,0.000000,0.000000,1.000000;;
           }
          }
         }
        }
       }

       Frame R_pink1 {
        

        FrameTransformMatrix relative {
         0.703531,-0.709750,-0.036064,0.000000,0.691519,0.671995,0.264998,0.000000,-0.163847,-0.211373,0.963574,0.000000,-0.616516,-0.413910,0.177570,1.000000;;
        }

        ObjectMatrixComment object {
         1.000000,0.000000,-0.000000,0.000000,0.000000,1.000000,-0.000000,0.000000,-0.000000,-0.000000,1.000000,0.000000,0.000000,-0.000000,-0.000000,1.000000;;
        }

        Frame R_pink2 {
         

         FrameTransformMatrix relative {
          0.896574,0.440984,0.041081,0.000000,-0.405193,0.779270,0.478077,0.000000,0.178811,-0.445277,0.877357,0.000000,0.000000,-0.189277,0.000000,1.000000;;
         }

         ObjectMatrixComment object {
          1.000000,0.000000,0.000000,0.000000,0.000000,1.000000,0.000000,0.000000,0.000000,0.000000,1.000000,0.000000,0.000000,0.000000,0.000000,1.000000;;
         }

         Frame R_pink3 {
          

          FrameTransformMatrix relative {
           0.995442,0.095367,0.000000,0.000000,-0.095366,0.995435,-0.003807,0.000000,-0.000363,0.003789,0.999993,0.000000,0.000000,-0.143968,0.000000,1.000000;;
          }

          ObjectMatrixComment object {
           1.000000,0.000000,0.000000,0.000000,0.000000,1.000000,0.000000,0.000000,0.000000,0.000000,1.000000,0.000000,0.000000,-0.000000,0.000000,1.000000;;
          }

          Frame Joint_3_2_3 {
           

           FrameTransformMatrix relative {
            1.000000,0.000000,0.000000,0.000000,-0.000000,1.000000,0.000000,0.000000,0.000000,0.000000,1.000000,0.000000,0.000000,-0.134664,0.000000,1.000000;;
           }

           ObjectMatrixComment object {
            1.000000,0.000000,-0.000000,0.000000,-0.000000,1.000000,-0.000000,0.000000,0.000000,0.000000,1.000000,0.000000,0.000000,0.000000,0.000000,1.000000;;
           }
          }
         }
        }
       }

       Frame R_ring1 {
        

        FrameTransformMatrix relative {
         0.852151,-0.522717,-0.024603,0.000000,0.518508,0.837074,0.174518,0.000000,-0.070629,-0.161472,0.984347,0.000000,-0.496539,-0.491531,0.278919,1.000000;;
        }

        ObjectMatrixComment object {
         1.000000,-0.000000,0.000000,0.000000,0.000000,1.000000,-0.000000,0.000000,0.000000,-0.000000,1.000000,0.000000,-0.000000,0.000000,-0.000000,1.000000;;
        }

        Frame R_ring2 {
         

         FrameTransformMatrix relative {
          0.979222,0.198909,0.039492,0.000000,-0.193741,0.860088,0.471925,0.000000,0.059904,-0.469770,0.880754,0.000000,-0.000000,-0.278432,-0.000000,1.000000;;
         }

         ObjectMatrixComment object {
          1.000000,-0.000000,0.000000,0.000000,-0.000000,1.000000,0.000000,0.000000,0.000000,0.000000,1.000000,0.000000,-0.000000,0.000000,0.000000,1.000000;;
         }

         Frame R_ring3 {
          

          FrameTransformMatrix relative {
           0.997739,0.067210,0.000000,0.000000,-0.066629,0.989105,0.131270,0.000000,0.008823,-0.130973,0.991347,0.000000,-0.000000,-0.215228,-0.000000,1.000000;;
          }

          ObjectMatrixComment object {
           1.000000,0.000000,0.000000,0.000000,0.000000,1.000000,-0.000000,0.000000,0.000000,-0.000000,1.000000,0.000000,0.000000,0.000000,0.000000,1.000000;;
          }

          Frame Joint_3_3_2 {
           

           FrameTransformMatrix relative {
            1.000000,0.000000,0.000000,0.000000,0.000000,1.000000,-0.000000,0.000000,0.000000,-0.000000,1.000000,0.000000,0.000000,-0.140553,0.000000,1.000000;;
           }

           ObjectMatrixComment object {
            1.000000,0.000000,0.000000,0.000000,0.000000,1.000000,-0.000000,0.000000,0.000000,-0.000000,1.000000,0.000000,0.000000,-0.000000,-0.000000,1.000000;;
           }
          }
         }
        }
       }

       Frame R_middle1 {
        

        FrameTransformMatrix relative {
         0.892107,-0.450695,-0.031933,0.000000,0.450579,0.882177,0.136906,0.000000,-0.033532,-0.136523,0.990069,0.000000,-0.323746,-0.568748,0.410860,1.000000;;
        }

        ObjectMatrixComment object {
         1.000000,0.000000,0.000000,0.000000,-0.000000,1.000000,-0.000000,0.000000,-0.000000,0.000000,1.000000,0.000000,-0.000000,-0.000000,-0.000000,1.000000;;
        }

        Frame R_middle2 {
         

         FrameTransformMatrix relative {
          0.990014,0.140574,-0.010520,0.000000,-0.130208,0.940498,0.313862,0.000000,0.054015,-0.309358,0.949410,0.000000,-0.000000,-0.295074,0.000000,1.000000;;
         }

         ObjectMatrixComment object {
          1.000000,-0.000000,-0.000000,0.000000,0.000000,1.000000,-0.000000,0.000000,0.000000,-0.000000,1.000000,0.000000,-0.000000,0.000000,-0.000000,1.000000;;
         }

         Frame R_middle3 {
          

          FrameTransformMatrix relative {
           0.998511,0.054559,-0.000000,0.000000,-0.054492,0.997288,0.049469,0.000000,0.002699,-0.049395,0.998776,0.000000,-0.000000,-0.215089,-0.000000,1.000000;;
          }

          ObjectMatrixComment object {
           1.000000,-0.000000,-0.000000,0.000000,-0.000000,1.000000,-0.000000,0.000000,0.000000,-0.000000,1.000000,0.000000,-0.000000,-0.000000,-0.000000,1.000000;;
          }

          Frame Joint_3_4_2 {
           

           FrameTransformMatrix relative {
            1.000000,-0.000000,-0.000000,0.000000,-0.000000,1.000000,-0.000000,0.000000,0.000000,-0.000000,1.000000,0.000000,-0.000000,-0.167323,-0.000000,1.000000;;
           }

           ObjectMatrixComment object {
            1.000000,-0.000000,0.000000,0.000000,0.000000,1.000000,0.000000,0.000000,0.000000,-0.000000,1.000000,0.000000,0.000000,0.000000,0.000000,1.000000;;
           }
          }
         }
        }
       }

       Frame R_point1 {
        

        FrameTransformMatrix relative {
         0.851169,-0.524885,0.002730,0.000000,0.524828,0.850972,-0.020055,0.000000,0.008203,0.018503,0.999795,0.000000,-0.122870,-0.700059,0.421856,1.000000;;
        }

        ObjectMatrixComment object {
         1.000000,0.000000,0.000000,0.000000,-0.000000,1.000000,0.000000,0.000000,-0.000000,0.000000,1.000000,0.000000,0.000000,0.000000,0.000000,1.000000;;
        }

        Frame R_point2 {
         

         FrameTransformMatrix relative {
          0.992328,0.123635,0.000000,0.000000,-0.121335,0.973864,0.192008,0.000000,0.023739,-0.190535,0.981393,0.000000,-0.000000,-0.229119,0.000000,1.000000;;
         }

         ObjectMatrixComment object {
          1.000000,0.000000,-0.000000,0.000000,0.000000,1.000000,0.000000,0.000000,0.000000,-0.000000,1.000000,0.000000,-0.000000,-0.000000,-0.000000,1.000000;;
         }

         Frame R_point3 {
          

          FrameTransformMatrix relative {
           0.999618,-0.027651,0.000000,0.000000,0.027389,0.990154,0.137281,0.000000,-0.003796,-0.137229,0.990532,0.000000,-0.000000,-0.188022,-0.000000,1.000000;;
          }

          ObjectMatrixComment object {
           1.000000,0.000000,-0.000000,0.000000,0.000000,1.000000,0.000000,0.000000,0.000000,0.000000,1.000000,0.000000,0.000000,0.000000,0.000000,1.000000;;
          }

          Frame Joint_3_5_2 {
           

           FrameTransformMatrix relative {
            1.000000,0.000000,-0.000000,0.000000,0.000000,1.000000,0.000000,0.000000,0.000000,0.000000,1.000000,0.000000,0.000000,-0.175667,0.000000,1.000000;;
           }

           ObjectMatrixComment object {
            1.000000,0.000000,0.000000,0.000000,-0.000000,1.000000,-0.000000,0.000000,0.000000,0.000000,1.000000,0.000000,-0.000000,-0.000000,-0.000000,1.000000;;
           }
          }
         }
        }
       }
      }
     }
    }
   }

   Frame neck {
    

    FrameTransformMatrix relative {
     0.996051,0.085681,0.023260,0.000000,-0.087287,0.897217,0.432876,0.000000,0.016220,-0.433197,0.901153,0.000000,-0.000000,-1.167823,0.000000,1.000000;;
    }

    ObjectMatrixComment object {
     1.000000,0.000000,0.000000,0.000000,-0.000000,1.000000,0.000000,0.000000,0.000000,0.000000,1.000000,0.000000,0.000000,0.000000,-0.000001,1.000000;;
    }

    Frame head {
     

     FrameTransformMatrix relative {
      0.947311,-0.262897,-0.182994,0.000000,0.288449,0.948563,0.130479,0.000000,0.139278,-0.176389,0.974417,0.000000,-0.000000,-0.488833,-0.000000,1.000000;;
     }

     ObjectMatrixComment object {
      1.000000,0.000000,-0.000000,0.000000,0.000000,1.000000,0.000000,0.000000,-0.000000,0.000000,1.000000,0.000000,-0.000000,0.000000,0.000000,1.000000;;
     }

     Frame L_eye {
      

      FrameTransformMatrix relative {
       1.000000,0.000000,-0.000000,0.000000,0.000000,-0.815327,-0.579001,0.000000,-0.000000,0.579001,-0.815327,0.000000,0.239301,-0.645316,-0.404099,1.000000;;
      }

      ObjectMatrixComment object {
       1.000000,-0.000000,0.000000,0.000000,0.000000,1.000000,0.000000,0.000000,0.000000,-0.000000,1.000000,0.000000,-0.000000,0.000000,-0.000000,1.000000;;
      }
     }

     Frame R_eye {
      

      FrameTransformMatrix relative {
       1.000000,0.000000,-0.000000,0.000000,0.000000,-0.815327,-0.579001,0.000000,-0.000000,0.579001,-0.815327,0.000000,-0.239302,-0.645316,-0.404098,1.000000;;
      }

      ObjectMatrixComment object {
