xof 0303txt 0032
template Frame {
 <3d82ab46-62da-11cf-ab39-0020af71e433>
 [...]
}

template Matrix4x4 {
 <f6f23f45-7686-11cf-8f52-0040333594a3>
 array FLOAT matrix[16];
}

template FrameTransformMatrix {
 <f6f23f41-7686-11cf-8f52-0040333594a3>
 Matrix4x4 frameMatrix;
}

template ObjectMatrixComment {
 <95a48e28-7ef4-4419-a16a-ba9dbdf0d2bc>
 Matrix4x4 objectMatrix;
}

template Vector {
 <3d82ab5e-62da-11cf-ab39-0020af71e433>
 FLOAT x;
 FLOAT y;
 FLOAT z;
}

template MeshFace {
 <3d82ab5f-62da-11cf-ab39-0020af71e433>
 DWORD nFaceVertexIndices;
 array DWORD faceVertexIndices[nFaceVertexIndices];
}

template Mesh {
 <3d82ab44-62da-11cf-ab39-0020af71e433>
 DWORD nVertices;
 array Vector vertices[nVertices];
 DWORD nFaces;
 array MeshFace faces[nFaces];
 [...]
}

template MeshNormals {
 <f6f23f43-7686-11cf-8f52-0040333594a3>
 DWORD nNormals;
 array Vector normals[nNormals];
 DWORD nFaceNormals;
 array MeshFace faceNormals[nFaceNormals];
}

template Coords2d {
 <f6f23f44-7686-11cf-8f52-0040333594a3>
 FLOAT u;
 FLOAT v;
}

template MeshTextureCoords {
 <f6f23f40-7686-11cf-8f52-0040333594a3>
 DWORD nTextureCoords;
 array Coords2d textureCoords[nTextureCoords];
}

template XSkinMeshHeader {
 <3cf169ce-ff7c-44ab-93c0-f78f62d172e2>
 WORD nMaxSkinWeightsPerVertex;
 WORD nMaxSkinWeightsPerFace;
 WORD nBones;
}

template SkinWeights {
 <6f0d123b-bad2-4167-a0d0-80224f25fabb>
 STRING transformNodeName;
 DWORD nWeights;
 array DWORD vertexIndices[nWeights];
 array FLOAT weights[nWeights];
 Matrix4x4 matrixOffset;
}

template ColorRGBA {
 <35ff44e0-6c7c-11cf-8f52-0040333594a3>
 FLOAT red;
 FLOAT green;
 FLOAT blue;
 FLOAT alpha;
}

template ColorRGB {
 <d3e16e81-7835-11cf-8f52-0040333594a3>
 FLOAT red;
 FLOAT green;
 FLOAT blue;
}

template Material {
 <3d82ab4d-62da-11cf-ab39-0020af71e433>
 ColorRGBA faceColor;
 FLOAT power;
 ColorRGB specularColor;
 ColorRGB emissiveColor;
 [...]
}

template MeshMaterialList {
 <f6f23f42-7686-11cf-8f52-0040333594a3>
 DWORD nMaterials;
 DWORD nFaceIndexes;
 array DWORD faceIndexes[nFaceIndexes];
 [Material <3d82ab4d-62da-11cf-ab39-0020af71e433>]
}

template TextureFilename {
 <a42790e1-7810-11cf-8f52-0040333594a3>
 STRING filename;
}

template AnimTicksPerSecond {
 <9e415a43-7ba6-4a73-8743-b73d47e88476>
 DWORD AnimTicksPerSecond;
}

template Animation {
 <3d82ab4f-62da-11cf-ab39-0020af71e433>
 [...]
}

template AnimationSet {
 <3d82ab50-62da-11cf-ab39-0020af71e433>
 [Animation <3d82ab4f-62da-11cf-ab39-0020af71e433>]
}

template FloatKeys {
 <10dd46a9-775b-11cf-8f52-0040333594a3>
 DWORD nValues;
 array FLOAT values[nValues];
}

template TimedFloatKeys {
 <f406b180-7b3b-11cf-8f52-0040333594a3>
 DWORD time;
 FloatKeys tfkeys;
}

template AnimationKey {
 <10dd46a8-775b-11cf-8f52-0040333594a3>
 DWORD keyType;
 DWORD nKeys;
 array TimedFloatKeys keys[nKeys];
}


Frame thief_thief {
 

 FrameTransformMatrix relative {
  0.393701,0.000000,0.000000,0.000000,0.000000,-0.000000,0.393701,0.000000,0.000000,-0.393701,-0.000000,0.000000,0.000000,0.000000,0.000000,1.000000;;
 }

 ObjectMatrixComment object {
  1.000000,0.000000,0.000000,0.000000,0.000000,1.000000,0.000000,0.000000,0.000000,0.000000,1.000000,0.000000,0.000000,0.000000,0.000000,1.000000;;
 }

 Frame thief_U3DRoot {
  

  FrameTransformMatrix relative {
   1.000000,0.000000,0.000000,0.000000,0.000000,1.000000,0.000000,0.000000,0.000000,0.000000,1.000000,0.000000,0.000000,0.000000,0.000000,1.000000;;
  }

  ObjectMatrixComment object {
   1.000000,0.000000,0.000000,0.000000,0.000000,1.000000,0.000000,0.000000,0.000000,0.000000,1.000000,0.000000,0.000000,0.000000,0.000000,1.000000;;
  }

  Frame thief_polySurface1 {
   

   FrameTransformMatrix relative {
    1.000000,0.000000,0.000000,0.000000,0.000000,-0.000000,-1.000000,0.000000,0.000000,1.000000,-0.000000,0.000000,-0.000000,-0.052089,-2.228498,1.000000;;
   }

   ObjectMatrixComment object {
    1.000000,0.000000,0.000000,0.000000,0.000000,1.000000,0.000000,0.000000,0.000000,0.000000,1.000000,0.000000,-0.000000,0.000000,-0.000000,1.000000;;
   }
  }

  Frame thief_Bip01 {
   

   FrameTransformMatrix relative {
    0.296080,0.955163,-0.000001,0.000000,-0.000000,-0.000001,-1.000000,0.000000,-0.955163,0.296080,-0.000000,0.000000,0.066208,0.375031,-2.503198,1.000000;;
   }

   ObjectMatrixComment object {
    1.000000,-0.000000,-0.000000,0.000000,0.000000,1.000000,0.000000,0.000000,0.000000,0.000000,1.000000,0.000000,0.000000,0.000000,-0.000000,1.000000;;
   }

   Frame thief_Bip01_Footsteps {
    

    FrameTransformMatrix relative {
     0.296079,-0.000000,-0.955163,0.000000,0.000001,1.000000,-0.000000,0.000000,0.955163,-0.000001,0.296079,0.000000,-0.000003,-2.506821,0.000000,1.000000;;
    }

    ObjectMatrixComment object {
     1.000000,-0.000000,0.000000,0.000000,0.000000,1.000000,0.000000,0.000000,0.000000,0.000000,1.000000,0.000000,0.000000,-0.000000,0.000000,1.000000;;
    }
   }

   Frame thief_Bip01_Pelvis {
    

    FrameTransformMatrix relative {
     -0.000000,0.995814,-0.091399,0.000000,-0.059355,-0.091238,-0.994059,0.000000,-0.998237,0.005425,0.059107,0.000000,0.000000,0.000000,-0.000000,1.000000;;
    }

    ObjectMatrixComment object {
     1.000000,-0.000000,-0.000000,0.000000,-0.000000,1.000000,0.000000,0.000000,0.000000,0.000000,1.000000,0.000000,0.000000,0.000000,-0.000000,1.000000;;
    }

    Frame thief_Bip01_Spine {
     

     FrameTransformMatrix relative {
      0.999361,0.027102,0.023306,0.000000,-0.027972,0.998892,0.037845,0.000000,-0.022254,-0.038473,0.999011,0.000000,0.315344,-0.035465,-0.108323,1.000000;;
     }

     ObjectMatrixComment object {
      1.000000,-0.000000,0.000000,0.000000,0.000000,1.000000,0.000000,0.000000,-0.000000,-0.000000,1.000000,0.000000,0.000000,0.000000,-0.000000,1.000000;;
     }

     Frame thief_Bip01_Spine1 {
      

      FrameTransformMatrix relative {
       0.959619,-0.053986,0.276076,0.000000,-0.015883,0.969448,0.244780,0.000000,-0.280856,-0.239280,0.929443,0.000000,0.372406,-0.000109,0.000425,1.000000;;
      }

      ObjectMatrixComment object {
       1.000000,-0.000000,0.000000,0.000000,0.000000,1.000000,0.000000,0.000000,-0.000000,0.000000,1.000000,0.000000,0.000000,0.000000,-0.000000,1.000000;;
      }

      Frame thief_Bip01_Neck {
       

       FrameTransformMatrix relative {
        0.929100,-0.129486,-0.346421,0.000000,0.074276,0.982950,-0.168203,0.000000,0.362294,0.130546,0.922876,0.000000,0.614635,0.000016,0.161519,1.000000;;
       }

       ObjectMatrixComment object {
        1.000000,-0.000000,0.000000,0.000000,0.000000,1.000000,0.000000,0.000000,0.000000,0.000000,1.000000,0.000000,0.000000,-0.000000,0.000000,1.000000;;
       }

       Frame thief_Bip01_Head {
        

        FrameTransformMatrix relative {
         0.943041,-0.217284,-0.251917,0.000000,0.068462,0.867786,-0.492200,0.000000,0.325557,0.446917,0.833233,0.000000,0.154993,-0.000000,-0.000000,1.000000;;
        }

        ObjectMatrixComment object {
         1.000000,-0.000000,-0.000000,0.000000,-0.000000,1.000000,0.000000,0.000000,0.000000,0.000000,1.000000,0.000000,0.000000,0.000000,-0.000000,1.000000;;
        }

        Frame thief_Bip01_HeadNub {
         

         FrameTransformMatrix relative {
          1.000000,-0.000000,-0.000000,0.000000,0.000000,1.000000,-0.000000,0.000000,0.000000,0.000000,1.000000,0.000000,0.470412,0.000000,-0.000000,1.000000;;
         }

         ObjectMatrixComment object {
          1.000000,0.000000,0.000000,0.000000,-0.000000,1.000000,0.000000,0.000000,0.000000,-0.000000,1.000000,0.000000,-0.000000,-0.000000,-0.000000,1.000000;;
         }
        }
       }

       Frame thief_Bip01_L_Clavicle {
        

        FrameTransformMatrix relative {
         -0.179337,0.977529,0.110803,0.000000,0.920499,0.126987,0.369536,0.000000,0.347161,0.168265,-0.922587,0.000000,-0.027807,0.124677,-0.038062,1.000000;;
        }

        ObjectMatrixComment object {
         1.000000,0.000000,0.000000,0.000000,0.000000,1.000000,0.000000,0.000000,0.000000,-0.000000,1.000000,0.000000,0.000000,-0.000000,-0.000000,1.000000;;
        }

        Frame thief_Bip01_L_UpperArm {
         

         FrameTransformMatrix relative {
          0.425149,-0.808988,-0.405939,0.000000,0.899367,0.428079,0.088817,0.000000,0.101922,-0.402848,0.909574,0.000000,0.233390,-0.000000,0.000000,1.000000;;
         }

         ObjectMatrixComment object {
          1.000000,-0.000000,0.000000,0.000000,0.000000,1.000000,-0.000000,0.000000,0.000000,0.000000,1.000000,0.000000,0.000000,-0.000000,-0.000000,1.000000;;
         }

         Frame thief_Bip01_L_Forearm {
          

          FrameTransformMatrix relative {
           0.818967,-0.000000,0.573841,0.000000,0.000000,1.000000,-0.000000,0.000000,-0.573841,0.000000,0.818967,0.000000,0.764425,0.000000,-0.000000,1.000000;;
          }

          ObjectMatrixComment object {
           1.000000,0.000000,-0.000000,0.000000,0.000000,1.000000,0.000000,0.000000,-0.000000,0.000000,1.000000,0.000000,0.000000,-0.000000,0.000000,1.000000;;
          }

          Frame thief_Bip01_L_Hand {
           

           FrameTransformMatrix relative {
            0.982119,-0.060675,-0.178219,0.000000,-0.175947,0.040965,-0.983547,0.000000,0.066977,0.997316,0.029557,0.000000,0.680515,0.000000,0.000000,1.000000;;
           }

           ObjectMatrixComment object {
            1.000000,-0.000000,0.000000,0.000000,0.000000,1.000000,0.000000,0.000000,-0.000000,0.000000,1.000000,0.000000,0.000000,0.000000,-0.000000,1.000000;;
           }

           Frame thief_Bip01_L_Finger0 {
            

            FrameTransformMatrix relative {
             0.634586,-0.599224,-0.488089,0.000000,0.759556,0.366912,0.537076,0.000000,-0.142743,-0.711552,0.687981,0.000000,0.121248,-0.081938,-0.059503,1.000000;;
            }

            ObjectMatrixComment object {
             1.000000,-0.000000,0.000000,0.000000,0.000000,1.000000,-0.000000,0.000000,0.000000,-0.000000,1.000000,0.000000,0.000000,0.000000,0.000000,1.000000;;
            }

            Frame thief_Bip01_L_Finger01 {
             

             FrameTransformMatrix relative {
              0.153529,0.000000,-0.988144,0.000000,0.000000,1.000000,-0.000000,0.000000,0.988144,-0.000000,0.153529,0.000000,0.115734,-0.000000,-0.000000,1.000000;;
             }

             ObjectMatrixComment object {
              1.000000,0.000000,0.000000,0.000000,0.000000,1.000000,0.000000,0.000000,0.000000,0.000000,1.000000,0.000000,-0.000000,0.000000,0.000000,1.000000;;
             }

             Frame thief_Bip01_L_Finger02 {
              

              FrameTransformMatrix relative {
               -0.075795,0.000000,-0.997123,0.000000,0.000000,1.000000,0.000000,0.000000,0.997123,-0.000000,-0.075795,0.000000,0.059890,-0.000000,0.000000,1.000000;;
              }

              ObjectMatrixComment object {
               1.000000,-0.000000,-0.000000,0.000000,0.000000,1.000000,0.000000,0.000000,-0.000000,0.000000,1.000000,0.000000,-0.000000,-0.000000,0.000000,1.000000;;
              }

              Frame thief_Bip01_L_Finger0Nub {
               

               FrameTransformMatrix relative {
                1.000000,-0.000000,-0.000000,0.000000,-0.000000,1.000000,0.000000,0.000000,-0.000000,-0.000000,1.000000,0.000000,0.062540,0.000000,0.000000,1.000000;;
               }

               ObjectMatrixComment object {
                1.000000,-0.000000,-0.000000,0.000000,0.000000,1.000000,0.000000,0.000000,-0.000000,-0.000000,1.000000,0.000000,-0.000000,0.000000,-0.000000,1.000000;;
               }
              }
             }
            }
           }

           Frame thief_Bip01_L_Finger1 {
            

            FrameTransformMatrix relative {
             0.615716,-0.145363,-0.774444,0.000000,0.043060,0.987575,-0.151132,0.000000,0.786791,0.059707,0.614326,0.000000,0.256556,-0.060434,0.003769,1.000000;;
            }

            ObjectMatrixComment object {
             1.000000,-0.000000,-0.000000,0.000000,0.000000,1.000000,0.000000,0.000000,0.000000,-0.000000,1.000000,0.000000,-0.000000,0.000000,0.000000,1.000000;;
            }

            Frame thief_Bip01_L_Finger11 {
             

             FrameTransformMatrix relative {
              -0.158479,0.000000,-0.987362,0.000000,0.000000,1.000000,0.000000,0.000000,0.987363,0.000000,-0.158479,0.000000,0.114429,0.000000,-0.000000,1.000000;;
             }

             ObjectMatrixComment object {
              1.000000,0.000000,0.000000,0.000000,-0.000000,1.000000,0.000000,0.000000,-0.000000,0.000000,1.000000,0.000000,-0.000000,0.000000,-0.000000,1.000000;;
             }

             Frame thief_Bip01_L_Finger12 {
              

              FrameTransformMatrix relative {
               -0.158479,-0.000000,-0.987362,0.000000,-0.000000,1.000000,-0.000000,0.000000,0.987363,0.000000,-0.158480,0.000000,0.073622,0.000000,-0.000000,1.000000;;
              }

              ObjectMatrixComment object {
               1.000000,0.000000,-0.000000,0.000000,-0.000000,1.000000,0.000000,0.000000,-0.000000,-0.000000,1.000000,0.000000,0.000000,0.000000,-0.000000,1.000000;;
              }

              Frame thief_Bip01_L_Finger1Nub {
               

               FrameTransformMatrix relative {
                1.000000,0.000000,-0.000000,0.000000,-0.000000,1.000000,0.000000,0.000000,-0.000000,-0.000000,1.000000,0.000000,0.058500,0.000000,-0.000001,1.000000;;
               }

               ObjectMatrixComment object {
                1.000000,0.000000,-0.000000,0.000000,0.000000,1.000000,0.000000,0.000000,-0.000000,-0.000000,1.000000,0.000000,-0.000000,0.000000,-0.000000,1.000000;;
               }
              }
             }
            }
           }

           Frame thief_Bip01_L_Finger2 {
            

            FrameTransformMatrix relative {
             0.564919,-0.101512,-0.818880,0.000000,-0.043050,0.987426,-0.152105,0.000000,0.824023,0.121180,0.553445,0.000000,0.268224,0.002221,0.021130,1.000000;;
            }

            ObjectMatrixComment object {
             1.000000,0.000000,-0.000000,0.000000,-0.000000,1.000000,-0.000000,0.000000,0.000000,0.000000,1.000000,0.000000,0.000000,0.000000,0.000000,1.000000;;
            }

            Frame thief_Bip01_L_Finger21 {
             

             FrameTransformMatrix relative {
              -0.158479,-0.000000,-0.987362,0.000000,-0.000000,1.000000,-0.000000,0.000000,0.987362,-0.000000,-0.158479,0.000000,0.108111,0.000000,-0.000000,1.000000;;
             }

             ObjectMatrixComment object {
              1.000000,-0.000000,0.000000,0.000000,-0.000000,1.000000,-0.000000,0.000000,0.000000,0.000000,1.000000,0.000000,0.000000,0.000000,0.000000,1.000000;;
             }

             Frame thief_Bip01_L_Finger22 {
              

              FrameTransformMatrix relative {
               -0.158479,0.000000,-0.987363,0.000000,0.000000,1.000000,-0.000000,0.000000,0.987363,-0.000000,-0.158479,0.000000,0.072904,0.000000,-0.000000,1.000000;;
              }

              ObjectMatrixComment object {
               1.000000,0.000000,0.000000,0.000000,0.000000,1.000000,-0.000000,0.000000,0.000000,-0.000000,1.000000,0.000000,0.000000,-0.000000,0.000000,1.000000;;
              }

              Frame thief_Bip01_L_Finger2Nub {
               

               FrameTransformMatrix relative {
                1.000000,-0.000000,0.000000,0.000000,0.000000,1.000000,0.000000,0.000000,0.000000,0.000000,1.000000,0.000000,0.069686,0.000000,0.000001,1.000000;;
               }

               ObjectMatrixComment object {
                1.000000,0.000000,-0.000000,0.000000,0.000000,1.000000,0.000000,0.000000,-0.000000,0.000000,1.000000,0.000000,-0.000000,0.000000,0.000000,1.000000;;
               }
              }
             }
            }
           }

           Frame thief_Bip01_L_Finger3 {
            

            FrameTransformMatrix relative {
             0.724617,0.051334,-0.687238,0.000000,-0.151542,0.984683,-0.086233,0.000000,0.672284,0.166631,0.721296,0.000000,0.259792,0.058677,0.005584,1.000000;;
            }

            ObjectMatrixComment object {
             1.000000,0.000000,0.000000,0.000000,0.000000,1.000000,0.000000,0.000000,-0.000000,0.000000,1.000000,0.000000,0.000000,0.000000,-0.000000,1.000000;;
            }

            Frame thief_Bip01_L_Finger31 {
             

             FrameTransformMatrix relative {
              -0.158479,0.000000,-0.987363,0.000000,0.000000,1.000000,0.000000,0.000000,0.987362,0.000000,-0.158479,0.000000,0.080265,-0.000000,-0.000000,1.000000;;
             }

             ObjectMatrixComment object {
              1.000000,0.000000,-0.000000,0.000000,0.000000,1.000000,-0.000000,0.000000,0.000000,0.000000,1.000000,0.000000,-0.000000,0.000000,0.000000,1.000000;;
             }

             Frame thief_Bip01_L_Finger32 {
              

              FrameTransformMatrix relative {
               -0.158479,-0.000000,-0.987363,0.000000,-0.000000,1.000000,0.000000,0.000000,0.987362,0.000000,-0.158479,0.000000,0.065867,0.000000,0.000000,1.000000;;
              }

              ObjectMatrixComment object {
               1.000000,0.000000,0.000000,0.000000,0.000000,1.000000,0.000000,0.000000,-0.000000,-0.000000,1.000000,0.000000,-0.000000,-0.000000,0.000000,1.000000;;
              }

              Frame thief_Bip01_L_Finger3Nub {
               

               FrameTransformMatrix relative {
                1.000000,0.000000,-0.000000,0.000000,0.000000,1.000000,0.000000,0.000000,-0.000000,-0.000000,1.000000,0.000000,0.072391,0.000000,-0.000000,1.000000;;
               }

               ObjectMatrixComment object {
                1.000000,0.000000,0.000000,0.000000,-0.000000,1.000000,0.000000,0.000000,0.000000,0.000000,1.000000,0.000000,0.000000,0.000000,0.000000,1.000000;;
               }
              }
             }
            }
           }

           Frame thief_Bip01_L_Finger4 {
            

            FrameTransformMatrix relative {
             0.868405,0.120639,-0.480956,0.000000,-0.260454,0.936349,-0.235403,0.000000,0.421944,0.329692,0.844551,0.000000,0.253499,0.103080,-0.020101,1.000000;;
            }

            ObjectMatrixComment object {
             1.000000,0.000000,0.000000,0.000000,-0.000000,1.000000,0.000000,0.000000,0.000000,-0.000000,1.000000,0.000000,0.000000,-0.000000,-0.000000,1.000000;;
            }

            Frame thief_Bip01_L_Finger41 {
             

             FrameTransformMatrix relative {
              -0.158479,-0.000000,-0.987363,0.000000,0.000000,1.000000,-0.000000,0.000000,0.987362,-0.000000,-0.158479,0.000000,0.060708,-0.000000,-0.000000,1.000000;;
             }

             ObjectMatrixComment object {
              1.000000,0.000000,-0.000000,0.000000,0.000000,1.000000,0.000000,0.000000,0.000000,0.000000,1.000000,0.000000,-0.000000,-0.000000,-0.000000,1.000000;;
             }

             Frame thief_Bip01_L_Finger42 {
              

              FrameTransformMatrix relative {
               -0.158479,-0.000000,-0.987363,0.000000,-0.000000,1.000000,0.000000,0.000000,0.987362,0.000000,-0.158479,0.000000,0.051816,0.000000,0.000000,1.000000;;
              }

              ObjectMatrixComment object {
               1.000000,0.000000,-0.000000,0.000000,0.000000,1.000000,0.000000,0.000000,0.000000,-0.000000,1.000000,0.000000,0.000000,0.000000,0.000000,1.000000;;
              }

              Frame thief_Bip01_L_Finger4Nub {
               

               FrameTransformMatrix relative {
                1.000000,0.000000,-0.000000,0.000000,0.000000,1.000000,0.000000,0.000000,0.000000,0.000000,1.000000,0.000000,0.050940,0.000000,-0.000000,1.000000;;
               }

               ObjectMatrixComment object {
                1.000000,0.000000,-0.000000,0.000000,0.000000,1.000000,-0.000000,0.000000,-0.000000,0.000000,1.000000,0.000000,-0.000000,0.000000,-0.000000,1.000000;;
               }
              }
             }
            }
           }

           Frame thief_______03 {
            

            FrameTransformMatrix relative {
             0.411410,0.093456,0.906647,0.000000,-0.810563,-0.417381,0.410832,0.000000,0.416812,-0.903913,-0.095963,0.000000,0.357032,-0.512586,-0.089778,1.000000;;
            }

            ObjectMatrixComment object {
             1.000000,0.000000,0.000000,0.000000,-0.000000,1.000000,0.000000,0.000000,-0.000000,0.000000,1.000000,0.000000,0.000000,0.000000,0.000000,1.000000;;
            }
           }
          }
         }
        }
       }

       Frame thief_Bip01_R_Clavicle {
        

        FrameTransformMatrix relative {
         0.079263,-0.985517,-0.149915,0.000000,-0.934451,-0.021083,-0.355467,0.000000,0.347158,0.168264,-0.922588,0.000000,0.003580,-0.113589,-0.069707,1.000000;;
        }

        ObjectMatrixComment object {
         1.000000,0.000000,0.000000,0.000000,-0.000000,1.000000,0.000000,0.000000,-0.000000,0.000000,1.000000,0.000000,0.000000,0.000000,0.000000,1.000000;;
        }

        Frame thief_Bip01_R_UpperArm {
         

         FrameTransformMatrix relative {
          0.083898,0.724689,-0.683950,0.000000,-0.947544,0.270457,0.170335,0.000000,0.308419,0.633782,0.709366,0.000000,0.233390,0.000000,0.000000,1.000000;;
         }

         ObjectMatrixComment object {
          1.000000,-0.000000,0.000000,0.000000,-0.000000,1.000000,0.000000,0.000000,0.000000,0.000000,1.000000,0.000000,0.000000,-0.000000,-0.000000,1.000000;;
         }

         Frame thief_Bip01_R_Forearm {
          

          FrameTransformMatrix relative {
           0.833684,-0.000000,0.552242,0.000000,-0.000000,1.000000,0.000000,0.000000,-0.552242,0.000000,0.833684,0.000000,0.764424,0.000000,-0.000000,1.000000;;
          }

          ObjectMatrixComment object {
           1.000000,0.000000,0.000000,0.000000,0.000000,1.000000,-0.000000,0.000000,-0.000000,0.000000,1.000000,0.000000,0.000000,-0.000000,0.000000,1.000000;;
          }

          Frame thief_Bip01_R_Hand {
           

           FrameTransformMatrix relative {
            0.988297,0.143858,-0.050735,0.000000,0.066045,-0.103727,0.992411,0.000000,0.137504,-0.984147,-0.112014,0.000000,0.680515,0.000000,-0.000000,1.000000;;
           }

           ObjectMatrixComment object {
            1.000000,0.000000,-0.000000,0.000000,0.000000,1.000000,0.000000,0.000000,-0.000000,0.000000,1.000000,0.000000,0.000000,0.000000,0.000000,1.000000;;
           }

           Frame thief_Bip01_R_Finger0 {
            

            FrameTransformMatrix relative {
             0.573606,0.602692,-0.554742,0.000000,-0.811281,0.324463,-0.486361,0.000000,-0.113132,0.729031,0.675066,0.000000,0.121248,0.081938,-0.059503,1.000000;;
            }

            ObjectMatrixComment object {
             1.000000,-0.000000,0.000000,0.000000,0.000000,1.000000,-0.000000,0.000000,0.000000,0.000000,1.000000,0.000000,0.000000,0.000000,0.000000,1.000000;;
            }

            Frame thief_Bip01_R_Finger01 {
             

             FrameTransformMatrix relative {
              -0.028079,-0.000000,-0.999606,0.000000,-0.000000,1.000000,-0.000000,0.000000,0.999607,0.000000,-0.028080,0.000000,0.115734,0.000000,-0.000000,1.000000;;
             }

             ObjectMatrixComment object {
              1.000000,0.000000,0.000000,0.000000,-0.000000,1.000000,0.000000,0.000000,-0.000000,-0.000000,1.000000,0.000000,-0.000000,0.000000,0.000000,1.000000;;
             }

             Frame thief_Bip01_R_Finger02 {
              

              FrameTransformMatrix relative {
               -0.075795,0.000000,-0.997123,0.000000,0.000000,1.000000,0.000000,0.000000,0.997124,-0.000000,-0.075795,0.000000,0.059889,-0.000000,-0.000000,1.000000;;
              }

              ObjectMatrixComment object {
               1.000000,0.000000,0.000000,0.000000,0.000000,1.000000,-0.000000,0.000000,0.000000,-0.000000,1.000000,0.000000,0.000000,0.000000,0.000000,1.000000;;
              }

              Frame thief_Bip01_R_Finger0Nub {
               

               FrameTransformMatrix relative {
                1.000000,-0.000000,0.000000,0.000000,-0.000000,-1.000000,0.000000,0.000000,-0.000000,-0.000000,1.000000,0.000000,0.062540,0.000000,0.000000,1.000000;;
               }

               ObjectMatrixComment object {
                1.000000,0.000000,-0.000000,0.000000,0.000000,1.000000,-0.000000,0.000000,0.000000,0.000000,1.000000,0.000000,-0.000000,0.000000,0.000000,1.000000;;
               }
              }
             }
            }
           }

           Frame thief_Bip01_R_Finger1 {
            

            FrameTransformMatrix relative {
             0.615716,0.145363,-0.774444,0.000000,-0.043060,0.987575,0.151132,0.000000,0.786791,-0.059707,0.614326,0.000000,0.256556,0.060434,0.003769,1.000000;;
            }

            ObjectMatrixComment object {
             1.000000,-0.000000,0.000000,0.000000,-0.000000,1.000000,0.000000,0.000000,0.000000,-0.000000,1.000000,0.000000,0.000000,-0.000000,0.000000,1.000000;;
            }

            Frame thief_Bip01_R_Finger11 {
             

             FrameTransformMatrix relative {
              -0.158479,0.000000,-0.987362,0.000000,0.000000,1.000000,0.000000,0.000000,0.987363,0.000000,-0.158479,0.000000,0.114430,-0.000000,-0.000000,1.000000;;
             }

             ObjectMatrixComment object {
              1.000000,-0.000000,0.000000,0.000000,-0.000000,1.000000,0.000000,0.000000,-0.000000,0.000000,1.000000,0.000000,0.000000,0.000000,0.000000,1.000000;;
             }

             Frame thief_Bip01_R_Finger12 {
              

              FrameTransformMatrix relative {
               -0.158480,-0.000000,-0.987362,0.000000,0.000000,1.000000,0.000000,0.000000,0.987363,-0.000000,-0.158480,0.000000,0.073622,0.000000,-0.000000,1.000000;;
              }

              ObjectMatrixComment object {
               1.000000,-0.000000,0.000000,0.000000,0.000000,1.000000,-0.000000,0.000000,0.000000,0.000000,1.000000,0.000000,-0.000000,0.000000,0.000000,1.000000;;
              }

              Frame thief_Bip01_R_Finger1Nub {
               

               FrameTransformMatrix relative {
                1.000000,-0.000000,0.000000,0.000000,0.000000,-1.000000,0.000000,0.000000,-0.000000,0.000000,1.000000,0.000000,0.058500,0.000000,0.000000,1.000000;;
               }

               ObjectMatrixComment object {
                1.000000,-0.000000,-0.000000,0.000000,-0.000000,1.000000,0.000000,0.000000,0.000000,0.000000,1.000000,0.000000,0.000000,0.000000,-0.000000,1.000000;;
               }
              }
             }
            }
           }

           Frame thief_Bip01_R_Finger2 {
            

            FrameTransformMatrix relative {
             0.564919,0.101512,-0.818878,0.000000,0.043050,0.987426,0.152105,0.000000,0.824023,-0.121180,0.553445,0.000000,0.268225,-0.002221,0.021131,1.000000;;
            }

            ObjectMatrixComment object {
             1.000000,0.000000,-0.000000,0.000000,0.000000,1.000000,0.000000,0.000000,-0.000000,-0.000000,1.000000,0.000000,0.000000,-0.000000,0.000000,1.000000;;
            }

            Frame thief_Bip01_R_Finger21 {
             

             FrameTransformMatrix relative {
              -0.158479,0.000000,-0.987363,0.000000,0.000000,1.000000,0.000000,0.000000,0.987363,0.000000,-0.158479,0.000000,0.108110,0.000000,-0.000000,1.000000;;
             }

             ObjectMatrixComment object {
              1.000000,0.000000,-0.000000,0.000000,-0.000000,1.000000,0.000000,0.000000,0.000000,0.000000,1.000000,0.000000,-0.000000,0.000000,0.000000,1.000000;;
             }

             Frame thief_Bip01_R_Finger22 {
              

              FrameTransformMatrix relative {
               -0.158479,-0.000000,-0.987363,0.000000,-0.000000,1.000000,-0.000000,0.000000,0.987363,0.000000,-0.158479,0.000000,0.072903,0.000000,-0.000000,1.000000;;
              }

              ObjectMatrixComment object {
               1.000000,0.000000,-0.000000,0.000000,0.000000,1.000000,-0.000000,0.000000,0.000000,0.000000,1.000000,0.000000,0.000000,0.000000,-0.000000,1.000000;;
              }

              Frame thief_Bip01_R_Finger2Nub {
               

               FrameTransformMatrix relative {
                1.000000,0.000000,-0.000000,0.000000,0.000000,-1.000000,0.000000,0.000000,0.000000,0.000000,1.000000,0.000000,0.069686,0.000000,-0.000001,1.000000;;
               }

               ObjectMatrixComment object {
                1.000000,-0.000000,-0.000000,0.000000,0.000000,1.000000,-0.000000,0.000000,-0.000000,0.000000,1.000000,0.000000,0.000000,-0.000000,0.000000,1.000000;;
               }
              }
             }
            }
           }

           Frame thief_Bip01_R_Finger3 {
            

            FrameTransformMatrix relative {
             0.724617,-0.051334,-0.687237,0.000000,0.151542,0.984683,0.086233,0.000000,0.672283,-0.166631,0.721296,0.000000,0.259792,-0.058677,0.005584,1.000000;;
            }

            ObjectMatrixComment object {
             1.000000,0.000000,0.000000,0.000000,0.000000,1.000000,0.000000,0.000000,0.000000,-0.000000,1.000000,0.000000,0.000000,0.000000,0.000000,1.000000;;
            }

            Frame thief_Bip01_R_Finger31 {
             

             FrameTransformMatrix relative {
              -0.158479,0.000000,-0.987363,0.000000,0.000000,1.000000,0.000000,0.000000,0.987363,0.000000,-0.158479,0.000000,0.080265,0.000000,-0.000000,1.000000;;
             }

             ObjectMatrixComment object {
              1.000000,0.000000,0.000000,0.000000,0.000000,1.000000,0.000000,0.000000,0.000000,0.000000,1.000000,0.000000,0.000000,0.000000,0.000000,1.000000;;
             }

             Frame thief_Bip01_R_Finger32 {
              

              FrameTransformMatrix relative {
               -0.158479,0.000000,-0.987362,0.000000,0.000000,1.000000,0.000000,0.000000,0.987363,0.000000,-0.158479,0.000000,0.065867,-0.000000,0.000000,1.000000;;
              }

              ObjectMatrixComment object {
               1.000000,0.000000,0.000000,0.000000,0.000000,1.000000,-0.000000,0.000000,-0.000000,0.000000,1.000000,0.000000,0.000000,0.000000,0.000000,1.000000;;
              }

              Frame thief_Bip01_R_Finger3Nub {
               

               FrameTransformMatrix relative {
                1.000000,0.000000,-0.000000,0.000000,-0.000000,-1.000000,0.000000,0.000000,0.000000,0.000000,1.000000,0.000000,0.072391,0.000000,0.000000,1.000000;;
               }

               ObjectMatrixComment object {
                1.000000,0.000000,0.000000,0.000000,-0.000000,1.000000,0.000000,0.000000,-0.000000,-0.000000,1.000000,0.000000,0.000000,0.000000,0.000000,1.000000;;
               }
              }
             }
            }
           }

           Frame thief_Bip01_R_Finger4 {
            

            FrameTransformMatrix relative {
             0.868405,-0.120639,-0.480956,0.000000,0.260454,0.936349,0.235404,0.000000,0.421944,-0.329692,0.844551,0.000000,0.253499,-0.103080,-0.020101,1.000000;;
            }

            ObjectMatrixComment object {
             1.000000,0.000000,-0.000000,0.000000,0.000000,1.000000,-0.000000,0.000000,0.000000,0.000000,1.000000,0.000000,0.000000,-0.000000,-0.000000,1.000000;;
            }

            Frame thief_Bip01_R_Finger41 {
             

             FrameTransformMatrix relative {
              -0.158479,-0.000000,-0.987363,0.000000,-0.000000,1.000000,-0.000000,0.000000,0.987363,0.000000,-0.158479,0.000000,0.060708,0.000000,0.000000,1.000000;;
             }

             ObjectMatrixComment object {
              1.000000,-0.000000,-0.000000,0.000000,-0.000000,1.000000,0.000000,0.000000,-0.000000,0.000000,1.000000,0.000000,0.000000,-0.000000,-0.000000,1.000000;;
             }

             Frame thief_Bip01_R_Finger42 {
              

              FrameTransformMatrix relative {
               -0.158479,-0.000000,-0.987362,0.000000,0.000000,1.000000,0.000000,0.000000,0.987362,-0.000000,-0.158479,0.000000,0.051816,-0.000000,-0.000000,1.000000;;
              }

              ObjectMatrixComment object {
               1.000000,-0.000000,-0.000000,0.000000,0.000000,1.000000,-0.000000,0.000000,0.000000,-0.000000,1.000000,0.000000,0.000000,-0.000000,0.000000,1.000000;;
              }

              Frame thief_Bip01_R_Finger4Nub {
               

               FrameTransformMatrix relative {
                1.000000,-0.000000,-0.000000,0.000000,-0.000000,-1.000000,0.000000,0.000000,0.000000,0.000000,1.000000,0.000000,0.050941,-0.000000,0.000000,1.000000;;
               }

               ObjectMatrixComment object {
                1.000000,0.000000,0.000000,0.000000,0.000000,1.000000,0.000000,0.000000,-0.000000,0.000000,1.000000,0.000000,0.000000,0.000000,-0.000000,1.000000;;
               }
              }
             }
            }
           }

           Frame thief_heiandaozei_wuqi {
            

            FrameTransformMatrix relative {
             -0.411408,0.093457,-0.906647,0.000000,-0.810562,0.417381,0.410832,0.000000,0.416812,0.903913,-0.095961,0.000000,0.366431,0.513399,-0.085889,1.000000;;
            }

            ObjectMatrixComment object {
             1.000000,-0.000000,0.000000,0.000000,-0.000000,1.000000,0.000000,0.000000,0.000000,0.000000,1.000000,0.000000,-0.000000,-0.000000,-0.000000,1.000000;;
            }
           }
          }
         }
        }
       }
      }
     }

     Frame thief_Bip01_L_Thigh {
      

      FrameTransformMatrix relative {
       -0.955244,0.193835,0.223465,0.000000,-0.253781,-0.925127,-0.282374,0.000000,0.151999,-0.326448,0.932914,0.000000,-0.303572,0.346342,0.102391,1.000000;;
      }

      ObjectMatrixComment object {
       1.000000,-0.000000,0.000000,0.000000,0.000000,1.000000,0.000000,0.000000,0.000000,-0.000000,1.000000,0.000000,0.000000,0.000000,0.000000,1.000000;;
      }

      Frame thief_Bip01_L_Calf {
       

       FrameTransformMatrix relative {
        0.989444,-0.000000,0.144914,0.000000,0.000000,1.000000,-0.000000,0.000000,-0.144914,-0.000000,0.989444,0.000000,1.259672,-0.000000,0.000000,1.000000;;
       }

       ObjectMatrixComment object {
        1.000000,-0.000000,-0.000000,0.000000,-0.000000,1.000000,-0.000000,0.000000,0.000000,-0.000000,1.000000,0.000000,0.000000,0.000000,0.000000,1.000000;;
       }

       Frame thief_Bip01_L_Foot {
        

        FrameTransformMatrix relative {
         0.940218,0.123688,-0.317319,0.000000,-0.158730,0.983485,-0.086966,0.000000,0.301321,0.132135,0.944323,0.000000,0.938357,-0.000000,0.000000,1.000000;;
        }

        ObjectMatrixComment object {
         1.000000,0.000000,0.000000,0.000000,-0.000000,1.000000,-0.000000,0.000000,0.000000,0.000000,1.000000,0.000000,0.000000,0.000000,0.000000,1.000000;;
        }

        Frame thief_Bip01_L_Toe0 {
         

         FrameTransformMatrix relative {
          0.002136,-0.009515,-0.999953,0.000000,-0.014618,0.999848,-0.009546,0.000000,0.999891,0.014638,0.001996,0.000000,0.366937,-0.000000,-0.396600,1.000000;;
         }

         ObjectMatrixComment object {
          1.000000,0.000000,0.000000,0.000000,0.000000,1.000000,0.000000,0.000000,-0.000000,0.000000,1.000000,0.000000,0.000000,0.000000,0.000000,1.000000;;
         }

         Frame thief_Bip01_L_Toe0Nub {
          

          FrameTransformMatrix relative {
           1.000000,0.000000,0.000000,0.000000,0.000000,-1.000000,-0.000000,0.000000,-0.000000,-0.000000,1.000000,0.000000,0.251406,0.000000,0.000000,1.000000;;
          }

          ObjectMatrixComment object {
           1.000000,-0.000000,0.000000,0.000000,0.000000,1.000000,0.000000,0.000000,-0.000000,-0.000000,1.000000,0.000000,0.000000,-0.000000,-0.000000,1.000000;;
          }
         }
        }
       }
      }
     }

     Frame thief_Bip01_R_Thigh {
      

      FrameTransformMatrix relative {
       -0.998966,0.020899,0.040371,0.000000,-0.011584,-0.975772,0.218487,0.000000,0.043959,0.217794,0.975005,0.000000,-0.319742,-0.249650,0.125347,1.000000;;
      }

      ObjectMatrixComment object {
       1.000000,-0.000000,0.000000,0.000000,-0.000000,1.000000,-0.000000,0.000000,0.000000,0.000000,1.000000,0.000000,0.000000,0.000000,-0.000000,1.000000;;
      }

      Frame thief_Bip01_R_Calf {
       

       FrameTransformMatrix relative {
        0.975517,-0.000000,0.219923,0.000000,-0.000000,1.000000,-0.000000,0.000000,-0.219922,0.000000,0.975517,0.000000,1.259671,0.000000,-0.000000,1.000000;;
       }

       ObjectMatrixComment object {
        1.000000,-0.000000,0.000000,0.000000,-0.000000,1.000000,0.000000,0.000000,-0.000000,0.000000,1.000000,0.000000,0.000000,0.000000,0.000000,1.000000;;
       }

       Frame thief_Bip01_R_Foot {
        

        FrameTransformMatrix relative {
         0.965434,-0.122862,-0.229874,0.000000,0.161301,0.974393,0.156650,0.000000,0.204741,-0.188315,0.960530,0.000000,0.938357,-0.000000,0.000000,1.000000;;
        }

        ObjectMatrixComment object {
         1.000000,-0.000000,-0.000000,0.000000,-0.000000,1.000000,0.000000,0.000000,-0.000000,0.000000,1.000000,0.000000,0.000000,0.000000,0.000000,1.000000;;
        }

        Frame thief_Bip01_R_Toe0 {
         

         FrameTransformMatrix relative {
          -0.007378,0.000002,-0.999973,0.000000,-0.000000,1.000000,0.000002,0.000000,0.999973,0.000000,-0.007378,0.000000,0.366937,0.000000,-0.396600,1.000000;;
         }

         ObjectMatrixComment object {
          1.000000,-0.000000,0.000000,0.000000,0.000000,1.000000,-0.000000,0.000000,0.000000,0.000000,1.000000,0.000000,0.000000,-0.000000,0.000000,1.000000;;
         }

         Frame thief_Bip01_R_Toe0Nub {
          

          FrameTransformMatrix relative {
           1.000000,-0.000000,0.000000,0.000000,0.000000,1.000000,-0.000000,0.000000,0.000000,0.000000,1.000000,0.000000,0.251406,0.000000,0.000000,1.000000;;
          }

          ObjectMatrixComment object {
           1.000000,0.000000,0.000000,0.000000,0.000000,1.000000,-0.000000,0.000000,-0.000000,0.000000,1.000000,0.000000,-0.000000,0.000000,0.000000,1.000000;;
          }
         }
        }
       }
      }
     }
    }
   }
  }

  Frame thief_polySurface2 {
   

   FrameTransformMatrix relative {
    1.000000,0.000000,0.000000,0.000000,0.000000,1.000000,0.000000,0.000000,0.000000,0.000000,1.000000,0.000000,0.000000,0.000000,0.000000,1.000000;;
   }

   ObjectMatrixComment object {
    1.000000,0.000000,0.000000,0.000000,0.000000,1.000000,0.000000,0.000000,0.000000,0.000000,1.000000,0.000000,0.000000,0.000000,0.000000,1.000000;;
   }
  }

  Frame thief_______4 {
   

   FrameTransformMatrix relative {
    1.000000,0.000000,0.000000,0.000000,0.000000,1.000000,0.000000,0.000000,0.000000,0.000000,1.000000,0.000000,0.000000,0.000000,0.000000,1.000000;;
   }

   ObjectMatrixComment object {
    1.000000,0.000000,0.000000,0.000000,0.000000,1.000000,0.000000,0.000000,0.000000,0.000000,1.000000,0.000000,0.000000,0.000000,0.000000,1.000000;;
   }
  }

  Frame thief_heiandaozei_wuqi1 {
   

   FrameTransformMatrix relative {
    1.000000,0.000000,0.000000,0.000000,0.000000,1.000000,0.000000,0.000000,0.000000,0.000000,1.000000,0.000000,0.000000,0.000000,0.000000,1.000000;;
   }

   ObjectMatrixComment object {
    1.000000,0.000000,0.000000,0.000000,0.000000,1.000000,0.000000,0.000000,0.000000,0.000000,1.000000,0.000000,0.000000,0.000000,0.000000,1.000000;;
   }
  }
 }
}

Frame body {
 

 FrameTransformMatrix relative {
  0.393701,0.000000,0.000000,0.000000,0.000000,-0.000000,0.393701,0.000000,0.000000,-0.393701,-0.000000,0.000000,0.000000,0.000000,0.000000,1.000000;;
 }

 ObjectMatrixComment object {
  1.000000,0.000000,0.000000,0.000000,0.000000,1.000000,0.000000,0.000000,0.000000,0.000000,1.000000,0.000000,0.000000,0.000000,0.000000,1.000000;;
 }

 Mesh mesh_b {
  6705;
  -0.018493;1.525062;0.236358;,
  -0.002913;1.513510;0.243183;,
  -0.000009;1.551120;0.242570;,
  -0.021699;1.550203;0.235047;,
