xof 0303txt 0032
template Frame {
 <3d82ab46-62da-11cf-ab39-0020af71e433>
 [...]
}

template Matrix4x4 {
 <f6f23f45-7686-11cf-8f52-0040333594a3>
 array FLOAT matrix[16];
}

template FrameTransformMatrix {
 <f6f23f41-7686-11cf-8f52-0040333594a3>
 Matrix4x4 frameMatrix;
}

template ObjectMatrixComment {
 <95a48e28-7ef4-4419-a16a-ba9dbdf0d2bc>
 Matrix4x4 objectMatrix;
}

template Vector {
 <3d82ab5e-62da-11cf-ab39-0020af71e433>
 FLOAT x;
 FLOAT y;
 FLOAT z;
}

template MeshFace {
 <3d82ab5f-62da-11cf-ab39-0020af71e433>
 DWORD nFaceVertexIndices;
 array DWORD faceVertexIndices[nFaceVertexIndices];
}

template Mesh {
 <3d82ab44-62da-11cf-ab39-0020af71e433>
 DWORD nVertices;
 array Vector vertices[nVertices];
 DWORD nFaces;
 array MeshFace faces[nFaces];
 [...]
}

template MeshNormals {
 <f6f23f43-7686-11cf-8f52-0040333594a3>
 DWORD nNormals;
 array Vector normals[nNormals];
 DWORD nFaceNormals;
 array MeshFace faceNormals[nFaceNormals];
}

template Coords2d {
 <f6f23f44-7686-11cf-8f52-0040333594a3>
 FLOAT u;
 FLOAT v;
}

template MeshTextureCoords {
 <f6f23f40-7686-11cf-8f52-0040333594a3>
 DWORD nTextureCoords;
 array Coords2d textureCoords[nTextureCoords];
}

template XSkinMeshHeader {
 <3cf169ce-ff7c-44ab-93c0-f78f62d172e2>
 WORD nMaxSkinWeightsPerVertex;
 WORD nMaxSkinWeightsPerFace;
 WORD nBones;
}

template SkinWeights {
 <6f0d123b-bad2-4167-a0d0-80224f25fabb>
 STRING transformNodeName;
 DWORD nWeights;
 array DWORD vertexIndices[nWeights];
 array FLOAT weights[nWeights];
 Matrix4x4 matrixOffset;
}

template ColorRGBA {
 <35ff44e0-6c7c-11cf-8f52-0040333594a3>
 FLOAT red;
 FLOAT green;
 FLOAT blue;
 FLOAT alpha;
}

template ColorRGB {
 <d3e16e81-7835-11cf-8f52-0040333594a3>
 FLOAT red;
 FLOAT green;
 FLOAT blue;
}

template Material {
 <3d82ab4d-62da-11cf-ab39-0020af71e433>
 ColorRGBA faceColor;
 FLOAT power;
 ColorRGB specularColor;
 ColorRGB emissiveColor;
 [...]
}

template MeshMaterialList {
 <f6f23f42-7686-11cf-8f52-0040333594a3>
 DWORD nMaterials;
 DWORD nFaceIndexes;
 array DWORD faceIndexes[nFaceIndexes];
 [Material <3d82ab4d-62da-11cf-ab39-0020af71e433>]
}

template TextureFilename {
 <a42790e1-7810-11cf-8f52-0040333594a3>
 STRING filename;
}

template AnimTicksPerSecond {
 <9e415a43-7ba6-4a73-8743-b73d47e88476>
 DWORD AnimTicksPerSecond;
}

template Animation {
 <3d82ab4f-62da-11cf-ab39-0020af71e433>
 [...]
}

template AnimationSet {
 <3d82ab50-62da-11cf-ab39-0020af71e433>
 [Animation <3d82ab4f-62da-11cf-ab39-0020af71e433>]
}

template FloatKeys {
 <10dd46a9-775b-11cf-8f52-0040333594a3>
 DWORD nValues;
 array FLOAT values[nValues];
}

template TimedFloatKeys {
 <f406b180-7b3b-11cf-8f52-0040333594a3>
 DWORD time;
 FloatKeys tfkeys;
}

template AnimationKey {
 <10dd46a8-775b-11cf-8f52-0040333594a3>
 DWORD keyType;
 DWORD nKeys;
 array TimedFloatKeys keys[nKeys];
}


Frame thief_thief {
 

 FrameTransformMatrix relative {
  0.393701,0.000000,0.000000,0.000000,0.000000,-0.000000,0.393701,0.000000,0.000000,-0.393701,-0.000000,0.000000,0.000000,0.000000,0.000000,1.000000;;
 }

 ObjectMatrixComment object {
  1.000000,0.000000,0.000000,0.000000,0.000000,1.000000,0.000000,0.000000,0.000000,0.000000,1.000000,0.000000,0.000000,0.000000,0.000000,1.000000;;
 }

 Frame thief_U3DRoot {
  

  FrameTransformMatrix relative {
   1.000000,0.000000,0.000000,0.000000,0.000000,1.000000,0.000000,0.000000,0.000000,0.000000,1.000000,0.000000,0.000000,0.000000,0.000000,1.000000;;
  }

  ObjectMatrixComment object {
   1.000000,0.000000,0.000000,0.000000,0.000000,1.000000,0.000000,0.000000,0.000000,0.000000,1.000000,0.000000,0.000000,0.000000,0.000000,1.000000;;
  }

  Frame thief_polySurface1 {
   

   FrameTransformMatrix relative {
    1.000000,0.000000,0.000000,0.000000,0.000000,-0.000000,-1.000000,0.000000,0.000000,1.000000,-0.000000,0.000000,-0.000000,-0.052089,-2.228498,1.000000;;
   }

   ObjectMatrixComment object {
    1.000000,0.000000,0.000000,0.000000,0.000000,1.000000,0.000000,0.000000,0.000000,0.000000,1.000000,0.000000,-0.000000,0.000000,-0.000000,1.000000;;
   }
  }

  Frame thief_Bip01 {
   

   FrameTransformMatrix relative {
    -0.006523,0.999979,-0.000000,0.000000,-0.000018,-0.000000,-1.000000,0.000000,-0.999979,-0.006523,0.000018,0.000000,-0.001412,0.375033,-2.560956,1.000000;;
   }

   ObjectMatrixComment object {
    1.000000,-0.000000,0.000000,0.000000,0.000000,1.000000,-0.000000,0.000000,-0.000000,-0.000000,1.000000,0.000000,0.000000,0.000000,0.000000,1.000000;;
   }

   Frame thief_Bip01_Footsteps {
    

    FrameTransformMatrix relative {
     -0.006523,0.000000,-0.999979,0.000000,0.000000,1.000000,0.000000,0.000000,0.999979,-0.000000,-0.006523,0.000000,-0.000000,-2.560920,-0.000000,1.000000;;
    }

    ObjectMatrixComment object {
     1.000000,0.000000,0.000000,0.000000,0.000000,1.000000,0.000000,0.000000,0.000000,0.000000,1.000000,0.000000,-0.000000,0.000000,-0.000000,1.000000;;
    }
   }

   Frame thief_Bip01_Pelvis {
    

    FrameTransformMatrix relative {
     -0.000060,0.999998,0.001953,0.000000,0.001506,0.001954,-0.999997,0.000000,-0.999999,-0.000057,-0.001506,0.000000,-0.000000,0.000000,0.000000,1.000000;;
    }

    ObjectMatrixComment object {
     1.000000,0.000000,0.000000,0.000000,0.000000,1.000000,0.000000,0.000000,0.000000,0.000000,1.000000,0.000000,0.000000,0.000000,0.000000,1.000000;;
    }

    Frame thief_Bip01_Spine {
     

     FrameTransformMatrix relative {
      0.999679,-0.000576,0.025312,0.000000,0.000597,1.000000,-0.000809,0.000000,-0.025311,0.000824,0.999679,0.000000,0.316661,0.000758,-0.110254,1.000000;;
     }

     ObjectMatrixComment object {
      1.000000,-0.000000,0.000000,0.000000,0.000000,1.000000,0.000000,0.000000,0.000000,0.000000,1.000000,0.000000,-0.000000,-0.000000,0.000000,1.000000;;
     }

     Frame thief_Bip01_Spine1 {
      

      FrameTransformMatrix relative {
       0.999981,0.000400,-0.006086,0.000000,-0.000432,0.999986,-0.005287,0.000000,0.006084,0.005290,0.999968,0.000000,0.372538,0.000002,0.000457,1.000000;;
      }

      ObjectMatrixComment object {
       1.000000,0.000000,-0.000000,0.000000,-0.000000,1.000000,0.000000,0.000000,0.000000,0.000000,1.000000,0.000000,-0.000000,0.000000,0.000000,1.000000;;
      }

      Frame thief_Bip01_Neck {
       

       FrameTransformMatrix relative {
        0.973226,0.002588,-0.229837,0.000000,-0.001833,0.999992,0.003497,0.000000,0.229844,-0.002982,0.973223,0.000000,0.614618,-0.000000,0.161526,1.000000;;
       }

       ObjectMatrixComment object {
        1.000000,0.000000,0.000000,0.000000,-0.000000,1.000000,0.000000,0.000000,0.000000,0.000000,1.000000,0.000000,0.000000,0.000000,-0.000000,1.000000;;
       }

       Frame thief_Bip01_Head {
        

        FrameTransformMatrix relative {
         0.989649,0.002417,0.143490,0.000000,-0.003882,0.999943,0.009930,0.000000,-0.143458,-0.010384,0.989602,0.000000,0.154993,0.000000,0.000000,1.000000;;
        }

        ObjectMatrixComment object {
         1.000000,-0.000000,0.000000,0.000000,-0.000000,1.000000,0.000000,0.000000,-0.000000,0.000000,1.000000,0.000000,-0.000001,0.000000,0.000000,1.000000;;
        }

        Frame thief_Bip01_HeadNub {
         

         FrameTransformMatrix relative {
          1.000000,-0.000000,-0.000000,0.000000,-0.000000,1.000000,0.000000,0.000000,0.000000,-0.000000,1.000000,0.000000,0.470411,-0.000000,-0.000000,1.000000;;
         }

         ObjectMatrixComment object {
          1.000000,-0.000000,0.000000,0.000000,0.000000,1.000000,-0.000000,0.000000,-0.000000,0.000000,1.000000,0.000000,0.000000,-0.000000,0.000000,1.000000;;
         }
        }
       }

       Frame thief_Bip01_L_Clavicle {
        

        FrameTransformMatrix relative {
         -0.049834,0.998639,-0.015398,0.000000,0.971769,0.052042,0.230124,0.000000,0.230612,-0.003496,-0.973040,0.000000,-0.018542,0.121092,-0.052563,1.000000;;
        }

        ObjectMatrixComment object {
         1.000000,0.000000,-0.000000,0.000000,0.000000,1.000000,0.000000,0.000000,-0.000000,0.000000,1.000000,0.000000,0.000000,-0.000000,0.000000,1.000000;;
        }

        Frame thief_Bip01_L_UpperArm {
         

         FrameTransformMatrix relative {
          0.995635,0.080842,-0.046650,0.000000,-0.082292,0.996155,-0.030044,0.000000,0.044042,0.033751,0.998460,0.000000,0.233390,-0.000000,0.000000,1.000000;;
         }

         ObjectMatrixComment object {
          1.000000,0.000000,0.000000,0.000000,-0.000000,1.000000,0.000000,0.000000,0.000000,0.000000,1.000000,0.000000,0.000000,0.000000,0.000000,1.000000;;
         }

         Frame thief_Bip01_L_Forearm {
          

          FrameTransformMatrix relative {
           0.997003,0.000000,0.077365,0.000000,-0.000000,1.000000,0.000000,0.000000,-0.077365,0.000000,0.997003,0.000000,0.764424,0.000000,0.000000,1.000000;;
          }

          ObjectMatrixComment object {
           1.000000,0.000000,-0.000000,0.000000,-0.000000,1.000000,0.000000,0.000000,0.000000,0.000000,1.000000,0.000000,-0.000000,0.000000,-0.000000,1.000000;;
          }

          Frame thief_Bip01_L_Hand {
           

           FrameTransformMatrix relative {
            0.997933,0.013621,-0.062814,0.000000,-0.063738,0.083846,-0.994439,0.000000,-0.008278,0.996385,0.084541,0.000000,0.680515,0.000001,-0.000000,1.000000;;
           }

           ObjectMatrixComment object {
            1.000000,0.000000,0.000000,0.000000,-0.000000,1.000000,0.000000,0.000000,-0.000000,0.000000,1.000000,0.000000,0.000000,-0.000000,0.000000,1.000000;;
           }

           Frame thief_Bip01_L_Finger0 {
            

            FrameTransformMatrix relative {
             0.736561,-0.580756,-0.346697,0.000000,0.644815,0.448194,0.619141,0.000000,-0.204183,-0.679591,0.704603,0.000000,0.121247,-0.081938,-0.059503,1.000000;;
            }

            ObjectMatrixComment object {
             1.000000,-0.000000,0.000000,0.000000,0.000000,1.000000,0.000000,0.000000,0.000000,0.000000,1.000000,0.000000,0.000000,0.000000,0.000000,1.000000;;
            }

            Frame thief_Bip01_L_Finger01 {
             

             FrameTransformMatrix relative {
              0.263532,0.000000,-0.964651,0.000000,-0.000000,1.000000,-0.000000,0.000000,0.964651,-0.000000,0.263532,0.000000,0.115734,0.000000,0.000000,1.000000;;
             }

             ObjectMatrixComment object {
              1.000000,0.000000,0.000000,0.000000,0.000000,1.000000,0.000000,0.000000,0.000000,-0.000000,1.000000,0.000000,0.000000,-0.000000,0.000000,1.000000;;
             }

             Frame thief_Bip01_L_Finger02 {
              

              FrameTransformMatrix relative {
               0.418913,0.000000,-0.908026,0.000000,0.000000,1.000000,0.000000,0.000000,0.908026,-0.000000,0.418913,0.000000,0.059890,-0.000000,0.000000,1.000000;;
              }

              ObjectMatrixComment object {
               1.000000,-0.000000,0.000000,0.000000,0.000000,1.000000,0.000000,0.000000,-0.000000,0.000000,1.000000,0.000000,0.000000,0.000000,0.000000,1.000000;;
              }

              Frame thief_Bip01_L_Finger0Nub {
               

               FrameTransformMatrix relative {
                1.000000,0.000000,0.000000,0.000000,0.000000,1.000000,-0.000000,0.000000,-0.000000,0.000000,1.000000,0.000000,0.062540,0.000000,0.000000,1.000000;;
               }

               ObjectMatrixComment object {
                1.000000,0.000000,0.000000,0.000000,0.000000,1.000000,-0.000000,0.000000,-0.000000,0.000000,1.000000,0.000000,0.000000,0.000000,0.000000,1.000000;;
               }
              }
             }
            }
           }

           Frame thief_Bip01_L_Finger1 {
            

            FrameTransformMatrix relative {
             0.615716,-0.145363,-0.774444,0.000000,0.043060,0.987576,-0.151132,0.000000,0.786791,0.059707,0.614326,0.000000,0.256556,-0.060434,0.003769,1.000000;;
            }

            ObjectMatrixComment object {
             1.000000,0.000000,0.000000,0.000000,0.000000,1.000000,0.000000,0.000000,0.000000,0.000000,1.000000,0.000000,-0.000000,0.000000,-0.000001,1.000000;;
            }

            Frame thief_Bip01_L_Finger11 {
             

             FrameTransformMatrix relative {
              -0.064671,0.000000,-0.997907,0.000000,0.000000,1.000000,0.000000,0.000000,0.997907,0.000000,-0.064671,0.000000,0.114429,0.000000,-0.000000,1.000000;;
             }

             ObjectMatrixComment object {
              1.000000,0.000000,0.000000,0.000000,0.000000,1.000000,-0.000000,0.000000,0.000000,-0.000000,1.000000,0.000000,-0.000000,-0.000000,0.000000,1.000000;;
             }

             Frame thief_Bip01_L_Finger12 {
              

              FrameTransformMatrix relative {
               -0.237865,0.000000,-0.971298,0.000000,0.000000,1.000000,0.000000,0.000000,0.971299,-0.000000,-0.237865,0.000000,0.073622,0.000000,-0.000000,1.000000;;
              }

              ObjectMatrixComment object {
               1.000000,-0.000000,-0.000000,0.000000,0.000000,1.000000,0.000000,0.000000,-0.000000,0.000000,1.000000,0.000000,0.000000,0.000000,0.000000,1.000000;;
              }

              Frame thief_Bip01_L_Finger1Nub {
               

               FrameTransformMatrix relative {
                1.000000,-0.000000,-0.000000,0.000000,0.000000,1.000000,0.000000,0.000000,-0.000000,0.000000,1.000000,0.000000,0.058501,0.000000,-0.000000,1.000000;;
               }

               ObjectMatrixComment object {
                1.000000,0.000000,-0.000000,0.000000,-0.000000,1.000000,0.000000,0.000000,0.000000,-0.000000,1.000000,0.000000,0.000000,0.000000,0.000000,1.000000;;
               }
              }
             }
            }
           }

           Frame thief_Bip01_L_Finger2 {
            

            FrameTransformMatrix relative {
             0.564919,-0.101512,-0.818880,0.000000,-0.043050,0.987426,-0.152106,0.000000,0.824023,0.121180,0.553445,0.000000,0.268224,0.002221,0.021131,1.000000;;
            }

            ObjectMatrixComment object {
             1.000000,0.000000,0.000000,0.000000,0.000000,1.000000,0.000000,0.000000,0.000000,-0.000000,1.000000,0.000000,0.000000,0.000000,0.000000,1.000000;;
            }

            Frame thief_Bip01_L_Finger21 {
             

             FrameTransformMatrix relative {
              -0.146858,0.000000,-0.989159,0.000000,0.000000,1.000000,0.000000,0.000000,0.989157,0.000000,-0.146858,0.000000,0.108111,0.000000,-0.000000,1.000000;;
             }

             ObjectMatrixComment object {
              1.000000,0.000000,0.000000,0.000000,0.000000,1.000000,0.000000,0.000000,0.000000,0.000000,1.000000,0.000000,-0.000000,-0.000000,0.000000,1.000000;;
             }

             Frame thief_Bip01_L_Finger22 {
              

              FrameTransformMatrix relative {
               -0.114651,-0.000000,-0.993406,0.000000,0.000000,1.000000,-0.000000,0.000000,0.993405,0.000000,-0.114651,0.000000,0.072904,0.000000,0.000000,1.000000;;
              }

              ObjectMatrixComment object {
               1.000000,0.000000,-0.000000,0.000000,0.000000,1.000000,-0.000000,0.000000,0.000000,-0.000000,1.000000,0.000000,0.000000,-0.000000,0.000000,1.000000;;
              }

              Frame thief_Bip01_L_Finger2Nub {
               

               FrameTransformMatrix relative {
                1.000000,0.000000,-0.000000,0.000000,0.000000,1.000000,-0.000000,0.000000,0.000000,-0.000000,1.000000,0.000000,0.069686,0.000000,0.000001,1.000000;;
               }

               ObjectMatrixComment object {
                1.000000,-0.000000,-0.000000,0.000000,-0.000000,1.000000,-0.000000,0.000000,0.000000,0.000000,1.000000,0.000000,-0.000000,0.000000,0.000000,1.000000;;
               }
              }
             }
            }
           }

           Frame thief_Bip01_L_Finger3 {
            

            FrameTransformMatrix relative {
             0.724617,0.051334,-0.687238,0.000000,-0.151542,0.984683,-0.086233,0.000000,0.672284,0.166631,0.721296,0.000000,0.259792,0.058677,0.005584,1.000000;;
            }

            ObjectMatrixComment object {
             1.000000,0.000000,-0.000000,0.000000,0.000000,1.000000,0.000000,0.000000,-0.000000,0.000000,1.000000,0.000000,0.000000,-0.000000,0.000000,1.000000;;
            }

            Frame thief_Bip01_L_Finger31 {
             

             FrameTransformMatrix relative {
              -0.259186,0.000000,-0.965828,0.000000,-0.000000,1.000000,-0.000000,0.000000,0.965827,0.000000,-0.259186,0.000000,0.080266,-0.000000,0.000000,1.000000;;
             }

             ObjectMatrixComment object {
              1.000000,0.000000,0.000000,0.000000,0.000000,1.000000,0.000000,0.000000,-0.000000,-0.000000,1.000000,0.000000,-0.000000,-0.000000,-0.000000,1.000000;;
             }

             Frame thief_Bip01_L_Finger32 {
              

              FrameTransformMatrix relative {
               0.066286,0.000000,-0.997801,0.000000,0.000000,1.000000,0.000000,0.000000,0.997800,-0.000000,0.066286,0.000000,0.065867,-0.000000,-0.000000,1.000000;;
              }

              ObjectMatrixComment object {
               1.000000,-0.000000,-0.000000,0.000000,0.000000,1.000000,-0.000000,0.000000,0.000000,0.000000,1.000000,0.000000,-0.000000,-0.000000,-0.000000,1.000000;;
              }

              Frame thief_Bip01_L_Finger3Nub {
               

               FrameTransformMatrix relative {
                1.000000,-0.000000,-0.000000,0.000000,0.000000,1.000000,-0.000000,0.000000,0.000000,0.000000,1.000000,0.000000,0.072391,-0.000000,-0.000000,1.000000;;
               }

               ObjectMatrixComment object {
                1.000000,0.000000,0.000000,0.000000,0.000000,1.000000,0.000000,0.000000,-0.000000,-0.000000,1.000000,0.000000,-0.000000,0.000000,-0.000000,1.000000;;
               }
              }
             }
            }
           }

           Frame thief_Bip01_L_Finger4 {
            

            FrameTransformMatrix relative {
             0.868405,0.120639,-0.480956,0.000000,-0.260454,0.936349,-0.235403,0.000000,0.421944,0.329692,0.844551,0.000000,0.253499,0.103080,-0.020101,1.000000;;
            }

            ObjectMatrixComment object {
             1.000000,0.000000,0.000000,0.000000,-0.000000,1.000000,0.000000,0.000000,0.000000,0.000000,1.000000,0.000000,0.000000,0.000000,-0.000000,1.000000;;
            }

            Frame thief_Bip01_L_Finger41 {
             

             FrameTransformMatrix relative {
              -0.163175,-0.000000,-0.986598,0.000000,-0.000000,1.000000,-0.000000,0.000000,0.986597,-0.000000,-0.163175,0.000000,0.060708,0.000000,0.000000,1.000000;;
             }

             ObjectMatrixComment object {
              1.000000,-0.000000,0.000000,0.000000,0.000000,1.000000,0.000000,0.000000,0.000000,-0.000000,1.000000,0.000000,-0.000000,0.000000,-0.000000,1.000000;;
             }

             Frame thief_Bip01_L_Finger42 {
              

              FrameTransformMatrix relative {
               -0.093419,0.000000,-0.995627,0.000000,-0.000000,1.000000,0.000000,0.000000,0.995626,0.000000,-0.093419,0.000000,0.051817,0.000000,0.000000,1.000000;;
              }

              ObjectMatrixComment object {
               1.000000,0.000000,-0.000000,0.000000,-0.000000,1.000000,0.000000,0.000000,-0.000000,-0.000000,1.000000,0.000000,-0.000000,0.000000,0.000000,1.000000;;
              }

              Frame thief_Bip01_L_Finger4Nub {
               

               FrameTransformMatrix relative {
                1.000000,0.000000,0.000000,0.000000,-0.000000,1.000000,0.000000,0.000000,0.000000,0.000000,1.000000,0.000000,0.050940,0.000000,-0.000000,1.000000;;
               }

               ObjectMatrixComment object {
                1.000000,0.000000,0.000000,0.000000,-0.000000,1.000000,-0.000000,0.000000,-0.000000,0.000000,1.000000,0.000000,0.000000,0.000000,0.000000,1.000000;;
               }
              }
             }
            }
           }

           Frame thief_______03 {
            

            FrameTransformMatrix relative {
             0.411410,0.093456,0.906648,0.000000,-0.810562,-0.417381,0.410832,0.000000,0.416812,-0.903913,-0.095963,0.000000,0.357032,-0.512586,-0.089777,1.000000;;
            }

            ObjectMatrixComment object {
             1.000000,-0.000000,0.000000,0.000000,-0.000000,1.000000,0.000000,0.000000,0.000000,-0.000000,1.000000,0.000000,0.000000,0.000000,0.000000,1.000000;;
            }
           }
          }
         }
        }
       }

       Frame thief_Bip01_R_Clavicle {
        

        FrameTransformMatrix relative {
         -0.055001,-0.998442,-0.009448,0.000000,-0.971490,0.055697,-0.230444,0.000000,0.230611,-0.003496,-0.973040,0.000000,-0.019169,-0.121305,-0.051841,1.000000;;
        }

        ObjectMatrixComment object {
         1.000000,0.000000,0.000000,0.000000,0.000000,1.000000,0.000000,0.000000,-0.000000,0.000000,1.000000,0.000000,-0.000000,-0.000000,0.000000,1.000000;;
        }

        Frame thief_Bip01_R_UpperArm {
         

         FrameTransformMatrix relative {
          0.995892,-0.083165,-0.035811,0.000000,0.084596,0.995592,0.040500,0.000000,0.032285,-0.043363,0.998538,0.000000,0.233390,-0.000000,0.000000,1.000000;;
         }

         ObjectMatrixComment object {
          1.000000,-0.000000,-0.000000,0.000000,0.000000,1.000000,0.000000,0.000000,0.000000,-0.000000,1.000000,0.000000,-0.000000,-0.000000,0.000000,1.000000;;
         }

         Frame thief_Bip01_R_Forearm {
          

          FrameTransformMatrix relative {
           0.996960,0.000000,0.077920,0.000000,-0.000000,1.000000,0.000000,0.000000,-0.077920,-0.000000,0.996960,0.000000,0.764425,0.000000,-0.000000,1.000000;;
          }

          ObjectMatrixComment object {
           1.000000,0.000000,-0.000000,0.000000,-0.000000,1.000000,-0.000000,0.000000,-0.000000,-0.000000,1.000000,0.000000,0.000000,0.000000,0.000000,1.000000;;
          }

          Frame thief_Bip01_R_Hand {
           

           FrameTransformMatrix relative {
            0.997749,-0.015477,-0.065254,0.000000,0.066356,0.086830,0.994011,0.000000,-0.009719,-0.996103,0.087661,0.000000,0.680516,0.000000,0.000000,1.000000;;
           }

           ObjectMatrixComment object {
            1.000000,-0.000000,-0.000000,0.000000,0.000000,1.000000,0.000000,0.000000,0.000000,0.000000,1.000000,0.000000,0.000000,-0.000000,0.000000,1.000000;;
           }

           Frame thief_Bip01_R_Finger0 {
            

            FrameTransformMatrix relative {
             0.737553,0.580469,-0.345067,0.000000,-0.643459,0.449072,-0.619916,0.000000,-0.204882,0.679257,0.704722,0.000000,0.121248,0.081938,-0.059503,1.000000;;
            }

            ObjectMatrixComment object {
             1.000000,-0.000000,0.000000,0.000000,-0.000000,1.000000,-0.000000,0.000000,0.000000,-0.000000,1.000000,0.000000,0.000000,0.000000,0.000000,1.000000;;
            }

            Frame thief_Bip01_R_Finger01 {
             

             FrameTransformMatrix relative {
              0.267280,-0.000000,-0.963619,0.000000,-0.000000,1.000000,-0.000000,0.000000,0.963619,0.000000,0.267280,0.000000,0.115735,0.000000,-0.000000,1.000000;;
             }

             ObjectMatrixComment object {
              1.000000,-0.000000,0.000000,0.000000,0.000000,1.000000,0.000000,0.000000,-0.000000,0.000000,1.000000,0.000000,0.000000,-0.000000,0.000000,1.000000;;
             }

             Frame thief_Bip01_R_Finger02 {
              

              FrameTransformMatrix relative {
               0.418913,0.000000,-0.908027,0.000000,-0.000000,1.000000,0.000000,0.000000,0.908026,-0.000000,0.418913,0.000000,0.059889,-0.000000,-0.000000,1.000000;;
              }

              ObjectMatrixComment object {
               1.000000,0.000000,0.000000,0.000000,0.000000,1.000000,0.000000,0.000000,0.000000,-0.000000,1.000000,0.000000,0.000000,-0.000000,0.000000,1.000000;;
              }

              Frame thief_Bip01_R_Finger0Nub {
               

               FrameTransformMatrix relative {
                1.000000,0.000000,-0.000000,0.000000,0.000000,-1.000000,0.000000,0.000000,0.000000,-0.000000,1.000000,0.000000,0.062540,0.000000,-0.000000,1.000000;;
               }

               ObjectMatrixComment object {
                1.000000,-0.000000,-0.000000,0.000000,-0.000000,1.000000,-0.000000,0.000000,0.000000,-0.000000,1.000000,0.000000,0.000000,0.000000,0.000000,1.000000;;
               }
              }
             }
            }
           }

           Frame thief_Bip01_R_Finger1 {
            

            FrameTransformMatrix relative {
             0.615716,0.145363,-0.774444,0.000000,-0.043060,0.987575,0.151132,0.000000,0.786791,-0.059707,0.614325,0.000000,0.256556,0.060434,0.003769,1.000000;;
            }

            ObjectMatrixComment object {
             1.000000,0.000000,-0.000000,0.000000,0.000000,1.000000,0.000000,0.000000,0.000000,0.000000,1.000000,0.000000,-0.000000,0.000000,0.000000,1.000000;;
            }

            Frame thief_Bip01_R_Finger11 {
             

             FrameTransformMatrix relative {
              -0.064672,-0.000000,-0.997907,0.000000,0.000000,1.000000,-0.000000,0.000000,0.997907,-0.000000,-0.064672,0.000000,0.114429,0.000000,-0.000000,1.000000;;
             }

             ObjectMatrixComment object {
              1.000000,-0.000000,-0.000000,0.000000,0.000000,1.000000,-0.000000,0.000000,-0.000000,-0.000000,1.000000,0.000000,0.000000,0.000000,0.000000,1.000000;;
             }

             Frame thief_Bip01_R_Finger12 {
              

              FrameTransformMatrix relative {
               -0.237865,-0.000000,-0.971298,0.000000,-0.000000,1.000000,-0.000000,0.000000,0.971299,-0.000000,-0.237866,0.000000,0.073621,0.000000,0.000001,1.000000;;
              }

              ObjectMatrixComment object {
               1.000000,-0.000000,0.000000,0.000000,0.000000,1.000000,0.000000,0.000000,0.000000,0.000000,1.000000,0.000000,-0.000000,0.000000,0.000000,1.000000;;
              }

              Frame thief_Bip01_R_Finger1Nub {
               

               FrameTransformMatrix relative {
                1.000000,-0.000000,0.000000,0.000000,0.000000,-1.000000,0.000000,0.000000,-0.000000,0.000000,1.000000,0.000000,0.058500,0.000000,-0.000000,1.000000;;
               }

               ObjectMatrixComment object {
                1.000000,0.000000,-0.000000,0.000000,0.000000,1.000000,0.000000,0.000000,0.000000,-0.000000,1.000000,0.000000,0.000000,0.000000,-0.000000,1.000000;;
               }
              }
             }
            }
           }

           Frame thief_Bip01_R_Finger2 {
            

            FrameTransformMatrix relative {
             0.564918,0.101512,-0.818879,0.000000,0.043050,0.987426,0.152105,0.000000,0.824023,-0.121180,0.553445,0.000000,0.268224,-0.002221,0.021131,1.000000;;
            }

            ObjectMatrixComment object {
             1.000000,-0.000000,0.000000,0.000000,0.000000,1.000000,0.000000,0.000000,0.000000,0.000000,1.000000,0.000000,0.000000,-0.000000,0.000000,1.000000;;
            }

            Frame thief_Bip01_R_Finger21 {
             

             FrameTransformMatrix relative {
              -0.146858,0.000000,-0.989158,0.000000,0.000000,1.000000,0.000000,0.000000,0.989158,-0.000000,-0.146858,0.000000,0.108110,0.000000,0.000000,1.000000;;
             }

             ObjectMatrixComment object {
              1.000000,0.000000,-0.000000,0.000000,0.000000,1.000000,-0.000000,0.000000,0.000000,0.000000,1.000000,0.000000,0.000000,-0.000000,-0.000000,1.000000;;
             }

             Frame thief_Bip01_R_Finger22 {
              

              FrameTransformMatrix relative {
               -0.114651,-0.000000,-0.993406,0.000000,0.000000,1.000000,-0.000000,0.000000,0.993406,-0.000000,-0.114651,0.000000,0.072903,0.000000,0.000000,1.000000;;
              }

              ObjectMatrixComment object {
               1.000000,0.000000,0.000000,0.000000,0.000000,1.000000,-0.000000,0.000000,-0.000000,0.000000,1.000000,0.000000,0.000000,0.000000,0.000000,1.000000;;
              }

              Frame thief_Bip01_R_Finger2Nub {
               

               FrameTransformMatrix relative {
                1.000000,-0.000000,-0.000000,0.000000,0.000000,-1.000000,0.000000,0.000000,0.000000,0.000000,1.000000,0.000000,0.069686,0.000000,-0.000000,1.000000;;
               }

               ObjectMatrixComment object {
                1.000000,0.000000,-0.000000,0.000000,0.000000,1.000000,0.000000,0.000000,-0.000000,0.000000,1.000000,0.000000,0.000000,0.000000,-0.000000,1.000000;;
               }
              }
             }
            }
           }

           Frame thief_Bip01_R_Finger3 {
            

            FrameTransformMatrix relative {
             0.724616,-0.051334,-0.687237,0.000000,0.151542,0.984683,0.086233,0.000000,0.672283,-0.166631,0.721296,0.000000,0.259792,-0.058677,0.005583,1.000000;;
            }

            ObjectMatrixComment object {
             1.000000,0.000000,0.000000,0.000000,-0.000000,1.000000,-0.000000,0.000000,-0.000000,0.000000,1.000000,0.000000,-0.000000,0.000000,0.000000,1.000000;;
            }

            Frame thief_Bip01_R_Finger31 {
             

             FrameTransformMatrix relative {
              -0.259186,-0.000000,-0.965828,0.000000,-0.000000,1.000000,-0.000000,0.000000,0.965827,0.000000,-0.259186,0.000000,0.080265,0.000000,0.000000,1.000000;;
             }

             ObjectMatrixComment object {
              1.000000,-0.000000,-0.000000,0.000000,0.000000,1.000000,0.000000,0.000000,-0.000000,0.000000,1.000000,0.000000,0.000000,0.000000,0.000001,1.000000;;
             }

             Frame thief_Bip01_R_Finger32 {
              

              FrameTransformMatrix relative {
               0.066286,0.000000,-0.997802,0.000000,-0.000000,1.000000,0.000000,0.000000,0.997800,0.000000,0.066286,0.000000,0.065867,-0.000000,0.000001,1.000000;;
              }

              ObjectMatrixComment object {
               1.000000,0.000000,-0.000000,0.000000,0.000000,1.000000,-0.000000,0.000000,-0.000000,0.000000,1.000000,0.000000,0.000000,-0.000000,0.000000,1.000000;;
              }

              Frame thief_Bip01_R_Finger3Nub {
               

               FrameTransformMatrix relative {
                1.000000,0.000000,-0.000000,0.000000,-0.000000,-1.000000,0.000000,0.000000,0.000000,0.000000,1.000000,0.000000,0.072391,0.000000,0.000000,1.000000;;
               }

               ObjectMatrixComment object {
                1.000000,-0.000000,0.000000,0.000000,0.000000,1.000000,0.000000,0.000000,0.000000,-0.000000,1.000000,0.000000,-0.000000,0.000000,0.000000,1.000000;;
               }
              }
             }
            }
           }

           Frame thief_Bip01_R_Finger4 {
            

            FrameTransformMatrix relative {
             0.868405,-0.120639,-0.480956,0.000000,0.260454,0.936349,0.235403,0.000000,0.421944,-0.329692,0.844550,0.000000,0.253499,-0.103080,-0.020101,1.000000;;
            }

            ObjectMatrixComment object {
             1.000000,-0.000000,0.000000,0.000000,0.000000,1.000000,0.000000,0.000000,0.000000,0.000000,1.000000,0.000000,0.000000,0.000000,0.000000,1.000000;;
            }

            Frame thief_Bip01_R_Finger41 {
             

             FrameTransformMatrix relative {
              -0.163175,0.000000,-0.986598,0.000000,-0.000000,1.000000,0.000000,0.000000,0.986597,0.000000,-0.163175,0.000000,0.060709,-0.000000,0.000000,1.000000;;
             }

             ObjectMatrixComment object {
              1.000000,-0.000000,-0.000000,0.000000,0.000000,1.000000,-0.000000,0.000000,0.000000,0.000000,1.000000,0.000000,0.000000,0.000000,0.000000,1.000000;;
             }

             Frame thief_Bip01_R_Finger42 {
              

              FrameTransformMatrix relative {
               -0.093419,0.000000,-0.995628,0.000000,0.000000,1.000000,0.000000,0.000000,0.995626,-0.000000,-0.093419,0.000000,0.051816,0.000000,-0.000000,1.000000;;
              }

              ObjectMatrixComment object {
               1.000000,0.000000,0.000000,0.000000,-0.000000,1.000000,0.000000,0.000000,-0.000000,0.000000,1.000000,0.000000,-0.000000,-0.000000,0.000000,1.000000;;
              }

              Frame thief_Bip01_R_Finger4Nub {
               

               FrameTransformMatrix relative {
                1.000000,0.000000,-0.000000,0.000000,0.000000,-1.000000,0.000000,0.000000,0.000000,0.000000,1.000000,0.000000,0.050941,-0.000000,0.000000,1.000000;;
               }

               ObjectMatrixComment object {
                1.000000,-0.000000,-0.000000,0.000000,-0.000000,1.000000,0.000000,0.000000,-0.000000,-0.000000,1.000000,0.000000,0.000000,0.000000,0.000000,1.000000;;
               }
              }
             }
            }
           }

           Frame thief_heiandaozei_wuqi {
            

            FrameTransformMatrix relative {
             -0.411408,0.093457,-0.906647,0.000000,-0.810563,0.417381,0.410831,0.000000,0.416812,0.903913,-0.095961,0.000000,0.366431,0.513399,-0.085889,1.000000;;
            }

            ObjectMatrixComment object {
             1.000000,-0.000000,-0.000000,0.000000,0.000000,1.000000,-0.000000,0.000000,0.000000,0.000000,1.000000,0.000000,0.000000,-0.000000,0.000000,1.000000;;
            }
           }
          }
         }
        }
       }
      }
     }

     Frame thief_Bip01_L_Thigh {
      

      FrameTransformMatrix relative {
       -0.997456,0.007738,0.070859,0.000000,-0.013511,-0.996593,-0.081363,0.000000,0.069989,-0.082114,0.994163,0.000000,-0.313941,0.297290,0.118478,1.000000;;
      }

      ObjectMatrixComment object {
       1.000000,-0.000000,-0.000000,0.000000,0.000000,1.000000,0.000000,0.000000,0.000000,0.000000,1.000000,0.000000,0.000000,0.000000,0.000000,1.000000;;
      }

      Frame thief_Bip01_L_Calf {
       

       FrameTransformMatrix relative {
        0.999373,-0.000000,0.035413,0.000000,0.000000,1.000000,0.000000,0.000000,-0.035413,0.000000,0.999373,0.000000,1.259672,0.000000,0.000000,1.000000;;
       }

       ObjectMatrixComment object {
        1.000000,-0.000000,0.000000,0.000000,0.000000,1.000000,-0.000000,0.000000,-0.000000,0.000000,1.000000,0.000000,-0.000000,0.000000,0.000000,1.000000;;
       }

       Frame thief_Bip01_L_Foot {
        

        FrameTransformMatrix relative {
         0.996699,0.014301,-0.079913,0.000000,-0.014827,0.999873,-0.005989,0.000000,0.079817,0.007154,0.996784,0.000000,0.938357,-0.000000,0.000000,1.000000;;
        }

        ObjectMatrixComment object {
         1.000000,-0.000000,0.000000,0.000000,0.000000,1.000000,-0.000000,0.000000,-0.000000,0.000000,1.000000,0.000000,0.000000,0.000000,-0.000000,1.000000;;
        }

        Frame thief_Bip01_L_Toe0 {
         

         FrameTransformMatrix relative {
          -0.000000,-0.000000,-1.000001,0.000000,0.000000,1.000000,-0.000000,0.000000,1.000000,-0.000000,-0.000000,0.000000,0.366937,0.000000,-0.396600,1.000000;;
         }

         ObjectMatrixComment object {
          1.000000,0.000000,0.000000,0.000000,0.000000,1.000000,0.000000,0.000000,0.000000,-0.000000,1.000000,0.000000,0.000000,0.000000,0.000000,1.000000;;
         }

         Frame thief_Bip01_L_Toe0Nub {
          

          FrameTransformMatrix relative {
           1.000000,0.000000,0.000000,0.000000,0.000000,-1.000000,-0.000000,0.000000,-0.000000,-0.000000,1.000000,0.000000,0.251406,0.000000,0.000000,1.000000;;
          }

          ObjectMatrixComment object {
           1.000000,0.000000,0.000000,0.000000,-0.000000,1.000000,-0.000000,0.000000,0.000000,-0.000000,1.000000,0.000000,0.000000,-0.000000,0.000000,1.000000;;
          }
         }
        }
       }
      }
     }

     Frame thief_Bip01_R_Thigh {
      

      FrameTransformMatrix relative {
       -0.997106,-0.012722,0.074955,0.000000,0.018949,-0.996373,0.082967,0.000000,0.073628,0.084147,0.993730,0.000000,-0.313596,-0.299364,0.117987,1.000000;;
      }

      ObjectMatrixComment object {
       1.000000,0.000000,0.000000,0.000000,0.000000,1.000000,0.000000,0.000000,-0.000000,-0.000000,1.000000,0.000000,0.000000,0.000000,0.000000,1.000000;;
      }

      Frame thief_Bip01_R_Calf {
       

       FrameTransformMatrix relative {
        0.999429,0.000000,0.033786,0.000000,-0.000000,1.000000,0.000000,0.000000,-0.033786,0.000000,0.999429,0.000000,1.259672,0.000000,0.000000,1.000000;;
       }

       ObjectMatrixComment object {
        1.000000,-0.000000,0.000000,0.000000,0.000000,1.000000,0.000000,0.000000,0.000000,0.000000,1.000000,0.000000,0.000000,0.000000,0.000000,1.000000;;
       }

       Frame thief_Bip01_R_Foot {
        

        FrameTransformMatrix relative {
         0.996519,-0.013828,-0.082210,0.000000,0.014254,0.999888,0.004596,0.000000,0.082137,-0.005752,0.996605,0.000000,0.938357,-0.000000,0.000000,1.000000;;
        }

        ObjectMatrixComment object {
         1.000000,0.000000,0.000000,0.000000,0.000000,1.000000,0.000000,0.000000,0.000000,0.000000,1.000000,0.000000,0.000000,-0.000000,0.000000,1.000000;;
        }

        Frame thief_Bip01_R_Toe0 {
         

         FrameTransformMatrix relative {
          -0.000000,0.000000,-1.000001,0.000000,0.000000,1.000000,0.000000,0.000000,1.000000,0.000000,-0.000000,0.000000,0.366937,-0.000000,-0.396600,1.000000;;
         }

         ObjectMatrixComment object {
          1.000000,-0.000000,0.000000,0.000000,0.000000,1.000000,0.000000,0.000000,0.000000,0.000000,1.000000,0.000000,0.000000,0.000000,0.000000,1.000000;;
         }

         Frame thief_Bip01_R_Toe0Nub {
          

          FrameTransformMatrix relative {
           1.000000,-0.000000,0.000000,0.000000,0.000000,1.000000,0.000000,0.000000,0.000000,0.000000,1.000000,0.000000,0.251406,-0.000000,0.000000,1.000000;;
          }

          ObjectMatrixComment object {
           1.000000,-0.000000,0.000000,0.000000,0.000000,1.000000,0.000000,0.000000,0.000000,-0.000000,1.000000,0.000000,-0.000000,-0.000000,0.000000,1.000000;;
          }
         }
        }
       }
      }
     }
    }
   }
  }

  Frame thief_polySurface2 {
   

   FrameTransformMatrix relative {
    1.000000,0.000000,0.000000,0.000000,0.000000,1.000000,0.000000,0.000000,0.000000,0.000000,1.000000,0.000000,0.000000,0.000000,0.000000,1.000000;;
   }

   ObjectMatrixComment object {
    1.000000,0.000000,0.000000,0.000000,0.000000,1.000000,0.000000,0.000000,0.000000,0.000000,1.000000,0.000000,0.000000,0.000000,0.000000,1.000000;;
   }
  }

  Frame thief_______4 {
   

   FrameTransformMatrix relative {
    1.000000,0.000000,0.000000,0.000000,0.000000,1.000000,0.000000,0.000000,0.000000,0.000000,1.000000,0.000000,0.000000,0.000000,0.000000,1.000000;;
   }

   ObjectMatrixComment object {
    1.000000,0.000000,0.000000,0.000000,0.000000,1.000000,0.000000,0.000000,0.000000,0.000000,1.000000,0.000000,0.000000,0.000000,0.000000,1.000000;;
   }
  }

  Frame thief_heiandaozei_wuqi1 {
   

   FrameTransformMatrix relative {
    1.000000,0.000000,0.000000,0.000000,0.000000,1.000000,0.000000,0.000000,0.000000,0.000000,1.000000,0.000000,0.000000,0.000000,0.000000,1.000000;;
   }

   ObjectMatrixComment object {
    1.000000,0.000000,0.000000,0.000000,0.000000,1.000000,0.000000,0.000000,0.000000,0.000000,1.000000,0.000000,0.000000,0.000000,0.000000,1.000000;;
   }
  }
 }
}

Frame body {
 

 FrameTransformMatrix relative {
  0.393701,0.000000,0.000000,0.000000,0.000000,-0.000000,0.393701,0.000000,0.000000,-0.393701,-0.000000,0.000000,0.000000,0.000000,0.000000,1.000000;;
 }

 ObjectMatrixComment object {
  1.000000,0.000000,0.000000,0.000000,0.000000,1.000000,0.000000,0.000000,0.000000,0.000000,1.000000,0.000000,0.000000,0.000000,0.000000,1.000000;;
 }

 Mesh mesh_b {
  6705;
  -0.018493;1.525062;0.236358;,
  -0.002913;1.513510;0.243183;,
  -0.000009;1.551120;0.242570;,
  -0.021699;1.550203;0.235047;,
  0.016985;1.530393;0.236189;,
