xof 0303txt 0032
template Frame {
 <3d82ab46-62da-11cf-ab39-0020af71e433>
 [...]
}

template Matrix4x4 {
 <f6f23f45-7686-11cf-8f52-0040333594a3>
 array FLOAT matrix[16];
}

template FrameTransformMatrix {
 <f6f23f41-7686-11cf-8f52-0040333594a3>
 Matrix4x4 frameMatrix;
}

template ObjectMatrixComment {
 <95a48e28-7ef4-4419-a16a-ba9dbdf0d2bc>
 Matrix4x4 objectMatrix;
}

template Vector {
 <3d82ab5e-62da-11cf-ab39-0020af71e433>
 FLOAT x;
 FLOAT y;
 FLOAT z;
}

template MeshFace {
 <3d82ab5f-62da-11cf-ab39-0020af71e433>
 DWORD nFaceVertexIndices;
 array DWORD faceVertexIndices[nFaceVertexIndices];
}

template Mesh {
 <3d82ab44-62da-11cf-ab39-0020af71e433>
 DWORD nVertices;
 array Vector vertices[nVertices];
 DWORD nFaces;
 array MeshFace faces[nFaces];
 [...]
}

template MeshNormals {
 <f6f23f43-7686-11cf-8f52-0040333594a3>
 DWORD nNormals;
 array Vector normals[nNormals];
 DWORD nFaceNormals;
 array MeshFace faceNormals[nFaceNormals];
}

template Coords2d {
 <f6f23f44-7686-11cf-8f52-0040333594a3>
 FLOAT u;
 FLOAT v;
}

template MeshTextureCoords {
 <f6f23f40-7686-11cf-8f52-0040333594a3>
 DWORD nTextureCoords;
 array Coords2d textureCoords[nTextureCoords];
}

template XSkinMeshHeader {
 <3cf169ce-ff7c-44ab-93c0-f78f62d172e2>
 WORD nMaxSkinWeightsPerVertex;
 WORD nMaxSkinWeightsPerFace;
 WORD nBones;
}

template SkinWeights {
 <6f0d123b-bad2-4167-a0d0-80224f25fabb>
 STRING transformNodeName;
 DWORD nWeights;
 array DWORD vertexIndices[nWeights];
 array FLOAT weights[nWeights];
 Matrix4x4 matrixOffset;
}

template AnimTicksPerSecond {
 <9e415a43-7ba6-4a73-8743-b73d47e88476>
 DWORD AnimTicksPerSecond;
}

template Animation {
 <3d82ab4f-62da-11cf-ab39-0020af71e433>
 [...]
}

template AnimationSet {
 <3d82ab50-62da-11cf-ab39-0020af71e433>
 [Animation <3d82ab4f-62da-11cf-ab39-0020af71e433>]
}

template FloatKeys {
 <10dd46a9-775b-11cf-8f52-0040333594a3>
 DWORD nValues;
 array FLOAT values[nValues];
}

template TimedFloatKeys {
 <f406b180-7b3b-11cf-8f52-0040333594a3>
 DWORD time;
 FloatKeys tfkeys;
}

template AnimationKey {
 <10dd46a8-775b-11cf-8f52-0040333594a3>
 DWORD keyType;
 DWORD nKeys;
 array TimedFloatKeys keys[nKeys];
}


Frame Character1_Reference {
 

 FrameTransformMatrix relative {
  1.000000,0.000000,0.000000,0.000000,0.000000,-0.000000,-1.000000,0.000000,0.000000,1.000000,-0.000000,0.000000,0.000000,0.000000,0.000000,1.000000;;
 }

 ObjectMatrixComment object {
  1.000000,0.000000,0.000000,0.000000,0.000000,1.000000,0.000000,0.000000,0.000000,0.000000,1.000000,0.000000,0.000000,0.000000,0.000000,1.000000;;
 }

 Frame center {
  

  FrameTransformMatrix relative {
   1.000000,0.000000,0.000000,0.000000,0.000000,1.000000,0.000000,0.000000,0.000000,0.000000,1.000000,0.000000,0.000184,-0.045272,0.399019,1.000000;;
  }

  ObjectMatrixComment object {
   1.000000,0.000000,0.000000,0.000000,0.000000,1.000000,0.000000,0.000000,0.000000,0.000000,1.000000,0.000000,0.000000,0.000000,0.000000,1.000000;;
  }

  Frame Character1_Spine {
   

   FrameTransformMatrix relative {
    1.000000,0.000000,0.000000,0.000000,0.000000,0.995562,-0.094104,0.000000,0.000000,0.094104,0.995562,0.000000,0.000000,-0.000135,0.000752,1.000000;;
   }

   ObjectMatrixComment object {
    1.000000,0.000000,0.000000,0.000000,0.000000,1.000000,0.000000,0.000000,0.000000,0.000000,1.000000,0.000000,-0.000000,0.000000,0.000000,1.000000;;
   }

   Frame Character1_Spine1 {
    

    FrameTransformMatrix relative {
     0.995621,-0.008924,0.093057,0.000000,0.021891,0.990013,-0.139271,0.000000,-0.090885,0.140698,0.985872,0.000000,-0.000000,0.000000,0.042835,1.000000;;
    }

    ObjectMatrixComment object {
     1.000000,0.000000,-0.000000,0.000000,-0.000000,1.000000,0.000000,0.000000,0.000000,0.000000,1.000000,0.000000,0.000000,0.000000,0.000000,1.000000;;
    }

    Frame Character1_Spine2 {
     

     FrameTransformMatrix relative {
      0.998704,-0.041636,0.029270,0.000000,0.036853,0.988252,0.148326,0.000000,-0.035102,-0.147056,0.988506,0.000000,0.000000,0.000153,0.041276,1.000000;;
     }

     ObjectMatrixComment object {
      1.000000,0.000000,0.000000,0.000000,-0.000000,1.000000,0.000000,0.000000,0.000000,0.000000,1.000000,0.000000,0.000000,0.000000,0.000000,1.000000;;
     }

     Frame Character1_RightShoulder {
      

      FrameTransformMatrix relative {
       0.956371,-0.023862,0.291178,0.000000,0.023862,0.999709,0.003551,0.000000,-0.291178,0.003552,0.956662,0.000000,-0.026731,0.046953,0.102655,1.000000;;
      }

      ObjectMatrixComment object {
       1.000000,0.000000,-0.000000,0.000000,-0.000000,1.000000,-0.000000,0.000000,0.000000,0.000000,1.000000,0.000000,0.000000,0.000000,-0.000000,1.000000;;
      }

      Frame Character1_RightArm {
       

       FrameTransformMatrix relative {
        0.855027,0.058159,0.515311,0.000000,-0.088223,0.995519,0.034028,0.000000,-0.511023,-0.074557,0.856327,0.000000,-0.046947,-0.000301,0.003668,1.000000;;
       }

       ObjectMatrixComment object {
        1.000000,-0.000000,-0.000000,0.000000,0.000000,1.000000,0.000000,0.000000,0.000000,-0.000000,1.000000,0.000000,0.000000,-0.000000,0.000000,1.000000;;
       }

       Frame Character1_RightForeArm {
        

        FrameTransformMatrix relative {
         0.990865,0.134807,-0.003605,0.000000,-0.134668,0.990546,0.026124,0.000000,0.007093,-0.025400,0.999652,0.000000,-0.118787,-0.000000,-0.000000,1.000000;;
        }

        ObjectMatrixComment object {
         1.000000,0.000000,-0.000000,0.000000,0.000000,1.000000,0.000000,0.000000,0.000000,0.000000,1.000000,0.000000,0.000000,0.000000,-0.000000,1.000000;;
        }

        Frame Character1_RightHand {
         

         FrameTransformMatrix relative {
          0.954135,-0.000233,-0.299375,0.000000,-0.009216,0.999503,-0.030149,0.000000,0.299234,0.031526,0.953659,0.000000,-0.112706,-0.000000,-0.000001,1.000000;;
         }

         ObjectMatrixComment object {
          1.000000,0.000000,0.000000,0.000000,0.000000,1.000000,-0.000000,0.000000,-0.000000,0.000000,1.000000,0.000000,-0.000000,0.000000,0.000000,1.000000;;
         }

         Frame Character1_RightHandThumb1 {
          

          FrameTransformMatrix relative {
           0.872228,0.485829,0.056471,0.000000,0.000925,-0.117097,0.993120,0.000000,0.489099,-0.866175,-0.102585,0.000000,-0.016437,-0.015684,-0.017473,1.000000;;
          }

          ObjectMatrixComment object {
           1.000000,0.000000,0.000000,0.000000,0.000000,1.000000,-0.000000,0.000000,0.000000,0.000000,1.000000,0.000000,-0.000000,0.000000,-0.000000,1.000000;;
          }

          Frame Character1_RightHandThumb2 {
           

           FrameTransformMatrix relative {
            0.964297,0.222220,0.144047,0.000000,-0.220084,0.974994,-0.030804,0.000000,-0.147290,-0.001998,0.989091,0.000000,-0.017502,0.000000,-0.000001,1.000000;;
           }

           ObjectMatrixComment object {
            1.000000,0.000000,0.000000,0.000000,0.000000,1.000000,0.000000,0.000000,0.000000,0.000000,1.000000,0.000000,-0.000000,-0.000000,0.000000,1.000000;;
           }

           Frame Character1_RightHandThumb3 {
            

            FrameTransformMatrix relative {
             0.999273,0.000213,0.038115,0.000000,0.000844,0.999615,-0.027719,0.000000,-0.038106,0.027731,0.998889,0.000000,-0.010316,0.000000,-0.000000,1.000000;;
            }

            ObjectMatrixComment object {
             1.000000,0.000000,0.000000,0.000000,-0.000000,1.000000,-0.000000,0.000000,0.000000,0.000000,1.000000,0.000000,-0.000000,0.000000,-0.000000,1.000000;;
            }

            Frame Character1_RightHandThumb4 {
             

             FrameTransformMatrix relative {
              1.000000,-0.000000,0.000000,0.000000,0.000000,1.000000,0.000001,0.000000,-0.000000,-0.000001,1.000000,0.000000,-0.012429,-0.000001,0.000000,1.000000;;
             }

             ObjectMatrixComment object {
              1.000000,0.000000,0.000000,0.000000,-0.000000,1.000000,-0.000000,0.000000,-0.000000,0.000000,1.000000,0.000000,0.000000,0.000000,-0.000000,1.000000;;
             }
            }
           }
          }
         }

         Frame Character1_RightHandIndex1 {
          

          FrameTransformMatrix relative {
           0.980302,0.059234,0.188415,0.000000,-0.062462,0.997984,0.011234,0.000000,-0.187370,-0.022781,0.982025,0.000000,-0.046978,-0.022182,0.002598,1.000000;;
          }

          ObjectMatrixComment object {
           1.000000,0.000000,-0.000000,0.000000,0.000000,1.000000,0.000000,0.000000,-0.000000,0.000000,1.000000,0.000000,-0.000000,0.000000,0.000000,1.000000;;
          }

          Frame Character1_RightHandIndex2 {
           

           FrameTransformMatrix relative {
            0.996481,0.014263,-0.082599,0.000000,-0.013294,0.999836,0.012265,0.000000,0.082760,-0.011123,0.996507,0.000000,-0.014227,0.000000,-0.000000,1.000000;;
           }

           ObjectMatrixComment object {
            1.000000,0.000000,0.000000,0.000000,0.000000,1.000000,-0.000000,0.000000,-0.000000,0.000000,1.000000,0.000000,-0.000000,0.000000,0.000000,1.000000;;
           }

           Frame Character1_RightHandIndex3 {
            

            FrameTransformMatrix relative {
             1.000000,0.000000,0.000000,0.000000,-0.000000,1.000000,-0.000000,0.000000,-0.000000,0.000000,1.000000,0.000000,-0.010736,-0.000000,-0.000000,1.000000;;
            }

            ObjectMatrixComment object {
             1.000000,0.000000,-0.000000,0.000000,-0.000000,1.000000,-0.000000,0.000000,0.000000,-0.000000,1.000000,0.000000,0.000000,-0.000000,0.000000,1.000000;;
            }
           }
          }
         }

         Frame Character1_RightHandMiddle1 {
          

          FrameTransformMatrix relative {
           0.936525,0.040240,0.348283,0.000000,-0.045463,0.998943,0.006832,0.000000,-0.347640,-0.022232,0.937364,0.000000,-0.051409,-0.006346,0.006107,1.000000;;
          }

          ObjectMatrixComment object {
           1.000000,-0.000000,0.000000,0.000000,0.000000,1.000000,-0.000000,0.000000,-0.000000,0.000000,1.000000,0.000000,-0.000000,0.000000,0.000000,1.000000;;
          }

          Frame Character1_RightHandMiddle2 {
           

           FrameTransformMatrix relative {
            0.989253,-0.020473,0.144776,0.000000,0.021863,0.999729,-0.008022,0.000000,-0.144573,0.011102,0.989432,0.000000,-0.016781,-0.000000,0.000000,1.000000;;
           }

           ObjectMatrixComment object {
            1.000000,-0.000000,-0.000000,0.000000,-0.000000,1.000000,0.000000,0.000000,0.000000,0.000000,1.000000,0.000000,0.000000,-0.000000,0.000000,1.000000;;
           }

           Frame Character1_RightHandMiddle3 {
            

            FrameTransformMatrix relative {
             1.000000,0.000000,-0.000002,0.000000,-0.000000,1.000000,-0.000000,0.000000,0.000002,0.000000,1.000000,0.000000,-0.012808,0.000000,-0.000001,1.000000;;
            }

            ObjectMatrixComment object {
             1.000000,0.000000,-0.000000,0.000000,0.000000,1.000000,0.000000,0.000000,0.000000,0.000000,1.000000,0.000000,0.000000,-0.000000,-0.000000,1.000000;;
            }
           }
          }
         }

         Frame Character1_RightHandRing1 {
          

          FrameTransformMatrix relative {
           0.896174,0.080864,0.436273,0.000000,0.024721,0.972626,-0.231059,0.000000,-0.443014,0.217854,0.869643,0.000000,-0.049340,0.008889,0.004125,1.000000;;
          }

          ObjectMatrixComment object {
           1.000000,0.000000,-0.000000,0.000000,0.000000,1.000000,0.000000,0.000000,-0.000000,0.000000,1.000000,0.000000,0.000000,0.000000,0.000000,1.000000;;
          }

          Frame Character1_RightHandRing2 {
           

           FrameTransformMatrix relative {
            0.913478,-0.015356,0.406599,0.000000,0.020189,0.999767,-0.007599,0.000000,-0.406387,0.015151,0.913575,0.000000,-0.013062,0.000000,0.000000,1.000000;;
           }

           ObjectMatrixComment object {
            1.000000,-0.000000,0.000000,0.000000,0.000000,1.000000,0.000000,0.000000,0.000000,-0.000000,1.000000,0.000000,-0.000000,-0.000000,0.000000,1.000000;;
           }

           Frame Character1_RightHandRing3 {
            

            FrameTransformMatrix relative {
             1.000000,-0.000000,0.000000,0.000000,0.000000,1.000000,0.000000,0.000000,-0.000000,-0.000000,1.000000,0.000000,-0.010000,-0.000000,-0.000000,1.000000;;
            }

            ObjectMatrixComment object {
             1.000000,0.000000,-0.000000,0.000000,0.000000,1.000000,0.000000,0.000000,0.000000,0.000000,1.000000,0.000000,-0.000000,0.000000,-0.000000,1.000000;;
            }
           }
          }
         }

         Frame Character1_RightHandPinky1 {
          

          FrameTransformMatrix relative {
           0.722923,0.391229,0.569492,0.000000,0.064564,0.782384,-0.619440,0.000000,-0.687905,0.484576,0.540345,0.000000,-0.046354,0.022602,0.000950,1.000000;;
          }

          ObjectMatrixComment object {
           1.000000,0.000000,0.000000,0.000000,0.000000,1.000000,0.000000,0.000000,0.000000,-0.000000,1.000000,0.000000,-0.000000,0.000000,0.000000,1.000000;;
          }

          Frame Character1_RightHandPinky2 {
           

           FrameTransformMatrix relative {
            0.932775,-0.008762,0.360353,0.000000,0.012280,0.999897,-0.007476,0.000000,-0.360250,0.011398,0.932786,0.000000,-0.009600,0.000000,0.000001,1.000000;;
           }

           ObjectMatrixComment object {
            1.000000,0.000000,-0.000000,0.000000,0.000000,1.000000,0.000000,0.000000,-0.000000,-0.000000,1.000000,0.000000,0.000000,0.000000,-0.000000,1.000000;;
           }

           Frame Character1_RightHandPinky3 {
            

            FrameTransformMatrix relative {
             1.000000,0.000000,0.000001,0.000000,-0.000000,1.000000,-0.000000,0.000000,-0.000000,0.000000,1.000000,0.000000,-0.007592,0.000000,-0.000000,1.000000;;
            }

            ObjectMatrixComment object {
             1.000000,-0.000000,0.000000,0.000000,0.000000,1.000000,-0.000000,0.000000,0.000000,0.000000,1.000000,0.000000,0.000000,-0.000000,0.000000,1.000000;;
            }
           }
          }
         }
        }

        Frame J_R_Elbow {
         

         FrameTransformMatrix relative {
          0.997714,-0.067511,0.003117,0.000000,0.067546,0.997634,-0.012821,0.000000,-0.002244,0.013002,0.999913,0.000000,0.000221,0.004689,-0.000080,1.000000;;
         }

         ObjectMatrixComment object {
          1.000000,0.000000,-0.000000,0.000000,0.000000,1.000000,0.000000,0.000000,-0.000000,-0.000000,1.000000,0.000000,0.000000,-0.000000,0.000000,1.000000;;
         }
        }

        Frame J_R_ForeArm_00_tw {
         

         FrameTransformMatrix relative {
          0.988467,0.001084,-0.151435,0.000000,-0.003460,0.999875,-0.015428,0.000000,0.151400,0.015774,0.988347,0.000000,-0.108909,0.000093,-0.000381,1.000000;;
         }

         ObjectMatrixComment object {
          1.000000,-0.000000,-0.000000,0.000000,0.000000,1.000000,0.000000,0.000000,-0.000000,0.000000,1.000000,0.000000,-0.000000,0.000000,0.000000,1.000000;;
         }
        }

        Frame J_R_Sode_A00 {
         

         FrameTransformMatrix relative {
          0.971983,0.123715,0.199857,0.000000,-0.129195,0.991512,0.014560,0.000000,-0.196359,-0.039973,0.979717,0.000000,-0.016254,-0.042589,-0.004564,1.000000;;
         }

         ObjectMatrixComment object {
          1.000000,-0.000000,-0.000000,0.000000,0.000000,1.000000,0.000000,0.000000,-0.000000,-0.000000,1.000000,0.000000,-0.000000,0.000000,-0.000000,1.000000;;
         }

         Frame J_R_Sode_A01 {
          

          FrameTransformMatrix relative {
           1.000000,0.000000,0.000009,0.000000,-0.000000,1.000000,0.000048,0.000000,-0.000009,-0.000048,1.000000,0.000000,-0.103198,0.000000,-0.000003,1.000000;;
          }

          ObjectMatrixComment object {
           1.000000,0.000000,-0.000000,0.000000,0.000000,1.000000,0.000000,0.000000,-0.000000,-0.000000,1.000000,0.000000,0.000000,-0.000000,0.000000,1.000000;;
          }
         }
        }

        Frame J_R_Sode_D00 {
         

         FrameTransformMatrix relative {
          0.946255,-0.145666,0.288760,0.000000,0.149574,0.988713,0.008610,0.000000,-0.286755,0.035044,0.957363,0.000000,-0.015457,0.000090,-0.037432,1.000000;;
         }

         ObjectMatrixComment object {
          1.000000,-0.000000,0.000000,0.000000,0.000000,1.000000,0.000000,0.000000,-0.000000,0.000000,1.000000,0.000000,0.000000,-0.000000,0.000000,1.000000;;
         }

         Frame J_R_Sode_D01 {
          

          FrameTransformMatrix relative {
           1.000000,-0.000010,-0.000002,0.000000,0.000010,1.000000,0.000047,0.000000,0.000002,-0.000047,1.000000,0.000000,-0.101835,0.000003,0.000001,1.000000;;
          }

          ObjectMatrixComment object {
           1.000000,0.000000,0.000000,0.000000,-0.000000,1.000000,-0.000000,0.000000,-0.000000,-0.000000,1.000000,0.000000,-0.000000,0.000000,-0.000000,1.000000;;
          }
         }
        }

        Frame J_R_Sode_C00 {
         

         FrameTransformMatrix relative {
          0.947924,-0.273848,0.162626,0.000000,0.261437,0.960654,0.093779,0.000000,-0.181909,-0.046379,0.982221,0.000000,-0.012543,0.036262,-0.005906,1.000000;;
         }

         ObjectMatrixComment object {
          1.000000,-0.000000,-0.000000,0.000000,0.000000,1.000000,0.000000,0.000000,-0.000000,-0.000000,1.000000,0.000000,0.000000,0.000000,0.000000,1.000000;;
         }

         Frame J_R_Sode_C01 {
          

          FrameTransformMatrix relative {
           1.000000,-0.000000,-0.000009,0.000000,0.000000,1.000000,0.000048,0.000000,0.000009,-0.000048,1.000000,0.000000,-0.107970,0.000000,0.000003,1.000000;;
          }

          ObjectMatrixComment object {
           1.000000,0.000000,-0.000000,0.000000,0.000000,1.000000,0.000000,0.000000,0.000000,0.000000,1.000000,0.000000,0.000000,-0.000000,0.000000,1.000000;;
          }
         }
        }

        Frame J_R_Sode_B00 {
         

         FrameTransformMatrix relative {
          0.991598,-0.045042,-0.121260,0.000000,0.043429,0.998930,-0.015909,0.000000,0.121847,0.010510,0.992493,0.000000,-0.010702,0.000851,0.020432,1.000000;;
         }

         ObjectMatrixComment object {
          1.000000,-0.000000,-0.000000,0.000000,-0.000000,1.000000,0.000000,0.000000,0.000000,-0.000000,1.000000,0.000000,0.000000,-0.000000,0.000000,1.000000;;
         }

         Frame J_R_Sode_B01 {
          

          FrameTransformMatrix relative {
           1.000000,0.000015,-0.000001,0.000000,-0.000015,1.000000,0.000046,0.000000,0.000001,-0.000046,1.000000,0.000000,-0.111487,-0.000003,0.000001,1.000000;;
          }

          ObjectMatrixComment object {
           1.000000,-0.000000,0.000000,0.000000,0.000000,1.000000,-0.000000,0.000000,0.000000,0.000000,1.000000,0.000000,0.000000,0.000000,-0.000000,1.000000;;
          }
         }
        }
       }

       Frame J_R_Arm_00_tw {
        

        FrameTransformMatrix relative {
         1.000000,0.000001,0.000173,0.000000,0.000004,0.999613,-0.027800,0.000000,-0.000173,0.027800,0.999614,0.000000,0.000618,0.000000,0.000029,1.000000;;
        }

        ObjectMatrixComment object {
         1.000000,0.000000,0.000000,0.000000,0.000000,1.000000,0.000000,0.000000,-0.000000,0.000000,1.000000,0.000000,0.000000,0.000000,0.000000,1.000000;;
        }

        Frame J_R_Sode_E00 {
         

         FrameTransformMatrix relative {
          1.000000,0.000000,0.000003,0.000000,0.000000,0.999990,0.004461,0.000000,-0.000003,-0.004461,0.999990,0.000000,-0.023758,0.000000,0.000001,1.000000;;
         }

         ObjectMatrixComment object {
          1.000000,0.000000,0.000000,0.000000,0.000000,1.000000,-0.000000,0.000000,-0.000000,0.000000,1.000000,0.000000,0.000000,0.000000,0.000000,1.000000;;
         }
        }
       }
      }
     }

     Frame Character1_Neck {
      

      FrameTransformMatrix relative {
       0.982348,0.000000,-0.187063,0.000000,-0.000000,1.000000,0.000000,0.000000,0.187063,0.000000,0.982348,0.000000,0.000000,0.047267,0.133084,1.000000;;
      }

      ObjectMatrixComment object {
       1.000000,0.000000,0.000000,0.000000,0.000000,1.000000,0.000000,0.000000,0.000000,0.000000,1.000000,0.000000,0.000000,-0.000000,0.000000,1.000000;;
      }

      Frame Character1_Head {
       

       FrameTransformMatrix relative {
        0.999757,0.006102,-0.021195,0.000000,-0.004671,0.997749,0.066899,0.000000,0.021556,-0.066784,0.997535,0.000000,0.000000,-0.008042,0.030469,1.000000;;
       }

       ObjectMatrixComment object {
        1.000000,-0.000000,0.000000,0.000000,0.000000,1.000000,0.000000,0.000000,0.000000,0.000000,1.000000,0.000000,0.000000,0.000000,0.000000,1.000000;;
       }

       Frame J_L_HeadRibbon_00 {
        

        FrameTransformMatrix relative {
         0.834400,-0.049529,-0.548929,0.000000,-0.234382,0.869527,-0.434727,0.000000,0.498841,0.491396,0.713925,0.000000,0.079515,-0.068754,0.313641,1.000000;;
        }

        ObjectMatrixComment object {
         1.000000,0.000000,0.000000,0.000000,0.000000,1.000000,0.000000,0.000000,0.000000,0.000000,1.000000,0.000000,0.000000,-0.000000,0.000000,1.000000;;
        }

        Frame J_L_HeadRibbon_01 {
         

         FrameTransformMatrix relative {
          0.949003,-0.314341,0.024135,0.000000,-0.107092,-0.393421,-0.913100,0.000000,0.296520,0.863950,-0.407022,0.000000,-0.000000,-0.000000,0.247837,1.000000;;
         }

         ObjectMatrixComment object {
          1.000000,0.000000,0.000000,0.000000,0.000000,1.000000,0.000000,0.000000,0.000000,0.000000,1.000000,0.000000,-0.000000,0.000000,0.000000,1.000000;;
         }

         Frame J_L_HeadRibbon_02 {
          

          FrameTransformMatrix relative {
           0.990314,0.137876,-0.016374,0.000000,0.009667,0.049176,0.998743,0.000000,0.138508,-0.989228,0.047367,0.000000,-0.000000,0.000000,0.136679,1.000000;;
          }

          ObjectMatrixComment object {
           1.000000,0.000000,0.000000,0.000000,0.000000,1.000000,0.000000,0.000000,0.000000,0.000000,1.000000,0.000000,0.000000,-0.000000,0.000000,1.000000;;
          }

          Frame J_L_HeadRibbon_03 {
           

           FrameTransformMatrix relative {
            0.937638,0.258946,-0.231908,0.000000,-0.328502,0.878230,-0.347560,0.000000,0.113670,0.402068,0.908527,0.000000,0.000000,-0.000000,0.166757,1.000000;;
           }

           ObjectMatrixComment object {
            1.000000,0.000000,0.000000,0.000000,0.000000,1.000000,0.000000,0.000000,0.000000,0.000000,1.000000,0.000000,0.000000,-0.000000,0.000000,1.000000;;
           }
          }
         }
        }
       }

       Frame J_R_HeadRibbon_00 {
        

        FrameTransformMatrix relative {
         0.834400,0.049529,0.548929,0.000000,0.234382,0.869527,-0.434728,0.000000,-0.498840,0.491396,0.713924,0.000000,-0.079515,-0.068754,0.313640,1.000000;;
        }

        ObjectMatrixComment object {
         1.000000,0.000000,0.000000,0.000000,0.000000,1.000000,0.000000,0.000000,-0.000000,0.000000,1.000000,0.000000,0.000000,0.000000,0.000000,1.000000;;
        }

        Frame J_R_HeadRibbon_01 {
         

         FrameTransformMatrix relative {
          0.949003,0.314341,-0.024136,0.000000,0.107090,-0.393417,-0.913102,0.000000,-0.296521,0.863952,-0.407017,0.000000,0.000001,-0.000001,0.247838,1.000000;;
         }

         ObjectMatrixComment object {
          1.000000,-0.000000,-0.000000,0.000000,0.000000,1.000000,0.000000,0.000000,0.000000,0.000000,1.000000,0.000000,0.000000,0.000000,-0.000000,1.000000;;
         }

         Frame J_R_HeadRibbon_02 {
          

          FrameTransformMatrix relative {
           0.990314,-0.137877,0.016374,0.000000,-0.009667,0.049180,0.998743,0.000000,-0.138509,-0.989228,0.047371,0.000000,-0.000001,0.000001,0.136680,1.000000;;
          }

          ObjectMatrixComment object {
           1.000000,0.000000,0.000000,0.000000,-0.000000,1.000000,-0.000000,0.000000,0.000000,0.000000,1.000000,0.000000,0.000000,0.000000,0.000000,1.000000;;
          }

          Frame J_R_HeadRibbon_03 {
           

           FrameTransformMatrix relative {
            1.000000,0.000002,-0.000001,0.000000,-0.000002,1.000000,0.000002,0.000000,0.000001,-0.000002,1.000000,0.000000,0.000001,-0.000001,0.166758,1.000000;;
           }

           ObjectMatrixComment object {
            1.000000,0.000000,-0.000000,0.000000,0.000000,1.000000,0.000000,0.000000,-0.000000,0.000000,1.000000,0.000000,0.000000,-0.000000,0.000000,1.000000;;
           }
          }
         }
        }
       }

       Frame bone_eye_L {
        

        FrameTransformMatrix relative {
         1.000000,-0.000000,0.000000,0.000000,0.000000,1.000000,0.000000,0.000000,0.000000,0.000000,1.000000,0.000000,0.026893,0.046498,0.102056,1.000000;;
        }

        ObjectMatrixComment object {
         1.000000,-0.000000,0.000000,0.000000,0.000000,1.000000,0.000000,0.000000,0.000000,0.000000,1.000000,0.000000,0.000000,-0.000000,0.000000,1.000000;;
        }
       }

       Frame bone_eye_R {
        

        FrameTransformMatrix relative {
         1.000000,-0.000000,0.000000,0.000000,0.000000,1.000000,0.000000,0.000000,0.000000,0.000000,1.000000,0.000000,-0.026893,0.046498,0.102056,1.000000;;
        }

        ObjectMatrixComment object {
         1.000000,-0.000000,0.000000,0.000000,0.000000,1.000000,0.000000,0.000000,0.000000,0.000000,1.000000,0.000000,-0.000000,0.000000,0.000000,1.000000;;
        }
       }

       Frame J_L_HairTail_00 {
        

        FrameTransformMatrix relative {
         0.920104,-0.332263,0.207389,0.000000,0.168219,0.813402,0.556848,0.000000,-0.353710,-0.477471,0.804307,0.000000,0.084534,0.120911,0.074725,1.000000;;
        }

        ObjectMatrixComment object {
         1.000000,0.000000,-0.000000,0.000000,0.000000,1.000000,0.000000,0.000000,0.000000,0.000000,1.000000,0.000000,0.000000,0.000000,0.000000,1.000000;;
        }

        Frame J_L_HairTail_01 {
         

         FrameTransformMatrix relative {
          1.000000,0.000000,-0.000000,0.000000,0.000000,0.995424,-0.095555,0.000000,0.000000,0.095555,0.995424,0.000000,0.000000,-0.000000,-0.198209,1.000000;;
         }

         ObjectMatrixComment object {
          1.000000,-0.000000,-0.000000,0.000000,0.000000,1.000000,-0.000000,0.000000,-0.000000,-0.000000,1.000000,0.000000,0.000000,0.000000,-0.000000,1.000000;;
         }

         Frame J_L_HairTail_02 {
          

          FrameTransformMatrix relative {
           1.000000,-0.000000,-0.000000,0.000000,0.000000,0.998902,-0.046850,0.000000,0.000000,0.046850,0.998902,0.000000,-0.000000,0.000000,-0.222492,1.000000;;
          }

          ObjectMatrixComment object {
           1.000000,-0.000000,0.000000,0.000000,0.000000,1.000000,0.000000,0.000000,-0.000000,-0.000000,1.000000,0.000000,0.000000,0.000000,0.000000,1.000000;;
          }

          Frame J_L_HairTail_03 {
           

           FrameTransformMatrix relative {
            1.000000,0.000000,0.000000,0.000000,-0.000000,1.000000,-0.000000,0.000000,0.000000,0.000000,1.000000,0.000000,0.000000,0.000000,-0.171919,1.000000;;
           }

           ObjectMatrixComment object {
            1.000000,0.000000,0.000000,0.000000,0.000000,1.000000,0.000000,0.000000,-0.000000,0.000000,1.000000,0.000000,0.000000,-0.000000,-0.000000,1.000000;;
           }
          }
         }
        }
       }

       Frame J_R_HairTail_00 {
        

        FrameTransformMatrix relative {
         0.920104,0.332263,-0.207389,0.000000,-0.168219,0.813402,0.556848,0.000000,0.353710,-0.477471,0.804307,0.000000,-0.084535,0.120911,0.074723,1.000000;;
        }

        ObjectMatrixComment object {
         1.000000,0.000000,0.000000,0.000000,-0.000000,1.000000,0.000000,0.000000,0.000000,0.000000,1.000000,0.000000,-0.000000,-0.000000,0.000000,1.000000;;
        }

        Frame J_R_HairTail_01 {
         

         FrameTransformMatrix relative {
          1.000000,0.000000,0.000000,0.000000,-0.000000,0.995352,-0.096302,0.000000,-0.000000,0.096302,0.995352,0.000000,0.000000,0.000001,-0.198208,1.000000;;
         }

         ObjectMatrixComment object {
          1.000000,-0.000000,-0.000000,0.000000,0.000000,1.000000,0.000000,0.000000,-0.000000,0.000000,1.000000,0.000000,0.000000,0.000000,0.000000,1.000000;;
         }

         Frame J_R_HairTail_02 {
          

          FrameTransformMatrix relative {
           1.000000,-0.000000,-0.000000,0.000000,0.000000,0.998966,-0.045463,0.000000,-0.000000,0.045463,0.998966,0.000000,0.000000,-0.000001,-0.222493,1.000000;;
          }

          ObjectMatrixComment object {
           1.000000,-0.000000,0.000000,0.000000,0.000000,1.000000,0.000000,0.000000,0.000000,0.000000,1.000000,0.000000,0.000000,0.000000,0.000000,1.000000;;
          }

          Frame J_R_HairTail_03 {
           

           FrameTransformMatrix relative {
            1.000000,0.000000,-0.000000,0.000000,-0.000000,1.000000,-0.000000,0.000000,0.000000,0.000000,1.000000,0.000000,0.000000,-0.000000,-0.171919,1.000000;;
           }

           ObjectMatrixComment object {
            1.000000,0.000000,-0.000000,0.000000,0.000000,1.000000,0.000000,0.000000,0.000000,0.000000,1.000000,0.000000,0.000000,0.000000,0.000000,1.000000;;
           }
          }
         }
        }
       }

       Frame J_L_HairSide_00 {
        

        FrameTransformMatrix relative {
         0.605948,0.194939,-0.771250,0.000000,-0.138051,0.980568,0.139383,0.000000,0.783434,0.022013,0.621085,0.000000,0.072985,-0.093412,0.279461,1.000000;;
        }

        ObjectMatrixComment object {
         1.000000,0.000000,0.000000,0.000000,-0.000000,1.000000,-0.000000,0.000000,0.000000,-0.000000,1.000000,0.000000,-0.000000,0.000000,0.000000,1.000000;;
        }

        Frame J_L_HairSide_01 {
         

         FrameTransformMatrix relative {
          0.763785,0.116226,-0.634920,0.000000,-0.081805,0.993153,0.083395,0.000000,0.640266,-0.011757,0.768064,0.000000,0.124109,0.000000,-0.000000,1.000000;;
         }

         ObjectMatrixComment object {
          1.000000,-0.000000,-0.000000,0.000000,0.000000,1.000000,-0.000000,0.000000,0.000000,0.000000,1.000000,0.000000,-0.000000,0.000000,0.000000,1.000000;;
         }

         Frame J_L_HairSide_02 {
          

          FrameTransformMatrix relative {
           1.000000,0.000000,-0.000000,0.000000,-0.000000,1.000000,0.000000,0.000000,0.000000,-0.000000,1.000000,0.000000,0.171184,0.000000,0.000000,1.000000;;
          }

          ObjectMatrixComment object {
           1.000000,0.000000,0.000000,0.000000,0.000000,1.000000,0.000000,0.000000,-0.000000,0.000000,1.000000,0.000000,0.000000,-0.000000,-0.000000,1.000000;;
          }
         }
        }
       }

       Frame J_R_HairSide_00 {
        

        FrameTransformMatrix relative {
         0.605947,-0.194938,0.771250,0.000000,0.138050,0.980568,0.139383,0.000000,-0.783435,0.022012,0.621084,0.000000,-0.072985,-0.093413,0.279462,1.000000;;
        }

        ObjectMatrixComment object {
         1.000000,0.000000,0.000000,0.000000,0.000000,1.000000,0.000000,0.000000,-0.000000,-0.000000,1.000000,0.000000,-0.000000,-0.000000,0.000000,1.000000;;
        }

        Frame J_R_HairSide_01 {
         

         FrameTransformMatrix relative {
          0.765475,-0.115915,0.632939,0.000000,0.077375,0.993085,0.088294,0.000000,-0.638796,-0.018614,0.769151,0.000000,-0.124111,-0.000000,-0.000001,1.000000;;
         }

         ObjectMatrixComment object {
          1.000000,0.000000,-0.000000,0.000000,-0.000000,1.000000,0.000000,0.000000,0.000000,0.000000,1.000000,0.000000,-0.000000,0.000000,0.000000,1.000000;;
         }

         Frame J_R_HairSide_02 {
          

          FrameTransformMatrix relative {
           1.000000,-0.000000,0.000000,0.000000,0.000000,1.000000,-0.000001,0.000000,-0.000000,0.000001,1.000000,0.000000,-0.171185,0.000000,-0.000000,1.000000;;
          }

          ObjectMatrixComment object {
           1.000000,0.000000,0.000000,0.000000,-0.000000,1.000000,0.000000,0.000000,-0.000000,0.000000,1.000000,0.000000,0.000000,0.000000,-0.000000,1.000000;;
          }
         }
        }
       }

       Frame J_L_HairFront_00 {
        

        FrameTransformMatrix relative {
         0.999692,-0.013571,0.020796,0.000000,0.015645,0.994554,-0.103039,0.000000,-0.019284,0.103333,0.994460,0.000000,-0.000478,-0.102207,0.280180,1.000000;;
        }

        ObjectMatrixComment object {
         1.000000,0.000000,-0.000000,0.000000,-0.000000,1.000000,0.000000,0.000000,0.000000,-0.000000,1.000000,0.000000,0.000000,0.000000,-0.000000,1.000000;;
        }

        Frame J_L_HairFront_01 {
         

         FrameTransformMatrix relative {
          0.999667,0.007482,-0.024697,0.000000,0.000000,0.957050,0.289923,0.000000,0.025806,-0.289826,0.956731,0.000000,-0.000000,0.000000,-0.181153,1.000000;;
         }

         ObjectMatrixComment object {
          1.000000,0.000000,-0.000000,0.000000,0.000000,1.000000,0.000000,0.000000,0.000000,0.000000,1.000000,0.000000,0.000000,-0.000000,0.000000,1.000000;;
         }
        }
       }

       Frame J_R_HairFront_00 {
        

        FrameTransformMatrix relative {
         0.988672,-0.030129,-0.147040,0.000000,0.003964,0.984546,-0.175079,0.000000,0.150043,0.172512,0.973512,0.000000,-0.014399,-0.099408,0.280180,1.000000;;
        }

        ObjectMatrixComment object {
         1.000000,0.000000,0.000000,0.000000,0.000000,1.000000,0.000000,0.000000,-0.000000,-0.000000,1.000000,0.000000,0.000000,-0.000000,0.000000,1.000000;;
        }

        Frame J_R_HairFront_01 {
         

         FrameTransformMatrix relative {
          0.999667,0.007482,-0.024697,0.000000,0.000000,0.957050,0.289923,0.000000,0.025806,-0.289826,0.956732,0.000000,0.000000,-0.000000,-0.181153,1.000000;;
         }

         ObjectMatrixComment object {
          1.000000,0.000000,0.000000,0.000000,0.000000,1.000000,0.000000,0.000000,0.000000,0.000000,1.000000,0.000000,0.000000,0.000000,0.000000,1.000000;;
         }
        }
       }

       Frame J_L_HairSide2_00 {
        

        FrameTransformMatrix relative {
         1.000000,-0.000000,0.000000,0.000000,0.000000,1.000000,0.000000,0.000000,0.000000,0.000000,1.000000,0.000000,0.139780,-0.032654,0.142761,1.000000;;
        }

        ObjectMatrixComment object {
         1.000000,-0.000000,0.000000,0.000000,0.000000,1.000000,0.000000,0.000000,0.000000,0.000000,1.000000,0.000000,0.000000,0.000000,-0.000000,1.000000;;
        }

        Frame J_L_HairSide2_01 {
         

         FrameTransformMatrix relative {
          1.000000,-0.000000,0.000000,0.000000,0.000000,1.000000,0.000000,0.000000,0.000000,0.000000,1.000000,0.000000,0.000000,0.000000,-0.071841,1.000000;;
         }

         ObjectMatrixComment object {
          1.000000,-0.000000,0.000000,0.000000,0.000000,1.000000,0.000000,0.000000,0.000000,0.000000,1.000000,0.000000,0.000000,-0.000000,0.000000,1.000000;;
         }
        }
       }

       Frame J_R_HairSide2_00 {
        

        FrameTransformMatrix relative {
         1.000000,-0.000000,0.000000,0.000000,0.000000,1.000000,0.000000,0.000000,0.000000,0.000000,1.000000,0.000000,-0.139780,-0.032654,0.142761,1.000000;;
        }

        ObjectMatrixComment object {
         1.000000,-0.000000,0.000000,0.000000,0.000000,1.000000,0.000000,0.000000,0.000000,0.000000,1.000000,0.000000,0.000000,0.000000,0.000000,1.000000;;
        }

        Frame J_R_HairSide2_01 {
         

         FrameTransformMatrix relative {
          1.000000,-0.000000,0.000000,0.000000,0.000000,1.000000,0.000000,0.000000,0.000000,0.000000,1.000000,0.000000,-0.000000,-0.000000,-0.071841,1.000000;;
         }

         ObjectMatrixComment object {
          1.000000,-0.000000,0.000000,0.000000,0.000000,1.000000,0.000000,0.000000,0.000000,0.000000,1.000000,0.000000,0.000000,0.000000,-0.000000,1.000000;;
         }
        }
       }

       Frame _face {
        

        FrameTransformMatrix relative {
         1.000000,-0.000000,0.000000,0.000000,0.000000,-0.000000,1.000000,0.000000,-0.000000,-1.000000,-0.000000,0.000000,-0.000000,0.009918,-0.667237,1.000000;;
        }

        ObjectMatrixComment object {
         1.000000,0.000000,0.000000,0.000000,0.000000,1.000000,0.000000,0.000000,-0.000000,-0.000000,1.000000,0.000000,0.000000,0.000000,0.000000,1.000000;;
        }

        Mesh mesh__ {
         1217;
         -0.007599;1.136394;0.078280;,
         -0.005339;1.139136;0.082213;,
         -0.013554;1.137069;0.085610;,
         -0.014135;1.134586;0.081818;,
         -0.021920;1.138099;0.090372;,
         -0.021573;1.134864;0.088539;,
         -0.017758;1.135623;0.087569;,
         -0.018541;1.138510;0.089331;,
         0.067407;1.179746;0.023438;,
         0.076924;1.194368;0.036417;,
         0.073426;1.184834;0.039958;,
         -0.018231;1.199419;0.106487;,
         -0.026834;1.202677;0.111360;,
         -0.022625;1.188347;0.109982;,
         -0.027025;1.188141;0.110745;,
         -0.038786;1.330501;0.082568;,
         -0.003764;1.304282;0.082486;,
         -0.001106;1.332601;0.078995;,
         -0.029866;1.228612;0.087072;,
         -0.029246;1.220498;0.090257;,
         -0.018703;1.227451;0.083613;,
         0.073512;1.196602;0.011063;,
         0.084630;1.219947;0.005531;,
         0.083738;1.213441;0.029744;,
         0.034523;1.208534;0.073267;,
         0.034430;1.210946;0.071463;,
         0.023503;1.209765;0.075597;,
         -0.005022;1.141861;0.084324;,
         -0.013337;1.139674;0.087234;,
         0.048428;1.189119;0.082942;,
         0.034457;1.179000;0.089488;,
         0.047560;1.177313;0.082992;,
         -0.026885;1.206170;0.109208;,
         -0.023582;1.208261;0.098787;,
         -0.028527;1.209333;0.098815;,
         -0.028634;1.206646;0.109592;,
         0.078742;1.213952;0.050060;,
         0.080400;1.205676;0.032453;,
         0.071971;1.188006;0.059165;,
         0.068886;1.175220;0.043871;,
         -0.028346;1.202646;0.111711;,
         0.026134;1.144841;0.063641;,
         0.041067;1.152677;0.062510;,
         0.028419;1.148744;0.071325;,
         0.022580;1.162526;0.088222;,
         0.007047;1.156782;0.087977;,
         0.019327;1.154099;0.083877;,
         0.033590;1.168791;0.087122;,
         0.032148;1.159695;0.082546;,
         0.048526;1.153983;0.042572;,
         0.061858;1.165699;0.048983;,
         0.052811;1.158114;0.055517;,
         -0.019387;1.155180;0.095027;,
         -0.019745;1.156857;0.093633;,
         -0.023674;1.156413;0.094285;,
         -0.023577;1.154673;0.096060;,
         -0.026970;1.204749;0.110501;,
         -0.028520;1.204819;0.111109;,
         0.002796;1.203358;0.089901;,
         -0.007533;1.196945;0.101978;,
         0.006009;1.194523;0.097460;,
         -0.006517;1.187593;0.105611;,
         0.005960;1.185631;0.100845;,
         -0.016245;1.188440;0.108760;,
         -0.019667;1.158080;0.098632;,
         -0.019764;1.159315;0.099716;,
         -0.024078;1.158744;0.100418;,
         -0.023928;1.157505;0.099171;,
         -0.015333;1.165121;0.100212;,
         -0.015714;1.159645;0.098169;,
         -0.012277;1.160066;0.096054;,
         -0.011846;1.165317;0.098954;,
         -0.020752;1.175882;0.107316;,
         -0.025834;1.175652;0.108259;,
         -0.007907;1.165275;0.097577;,
         -0.007221;1.175725;0.102917;,
         0.009966;1.312429;0.079295;,
         -0.032942;1.263876;0.085159;,
         -0.031125;1.243621;0.084707;,
         -0.013343;1.262627;0.078946;,
         -0.016447;1.242544;0.079230;,
         -0.001756;1.257826;0.074124;,
         -0.022112;1.212467;0.093165;,
         -0.020193;1.218958;0.087709;,
         0.020373;1.200589;0.085045;,
         0.021355;1.206032;0.079788;,
         0.003188;1.207880;0.084575;,
         -0.035426;1.291136;0.087003;,
         -0.005936;1.287437;0.082476;,
         0.003098;1.272468;0.077195;,
